0 117.835 65.555 1261.7035 2893.7167 R0
1 117.835 65.555 1261.7035 2793.9537 R180
2 117.835 65.555 1141.9878 2893.7167 R0
3 117.835 65.555 1141.9878 2793.9537 R180
4 117.835 65.555 1344.0080 3063.3139 MY
5 117.835 65.555 1344.0080 2963.5509 MX
6 117.835 65.555 1221.7982 3063.3139 R0
7 117.835 65.555 1221.7982 2963.5509 R180
8 114.515 65.555 1877.7404 2893.7167 R0
9 114.515 65.555 1877.7404 2793.9537 MX
10 114.515 65.555 1994.9620 2893.7167 R0
11 114.515 65.555 1994.9620 2793.9537 R180
12 114.515 65.555 1994.9620 3118.1836 R0
13 114.515 65.555 1994.9620 3020.9146 MX
14 114.515 65.555 1877.7404 3118.1836 R0
15 114.515 65.555 1877.7404 3020.9146 R180
16 239.24 92.9 1358.9724 142.8401 MY
17 239.24 92.9 1358.9724 18.1363 R180
18 239.24 92.9 979.8728 142.8401 MY
19 239.24 92.9 979.8728 18.1363 MX
20 64.52 92.9 685.5718 2220.4059 R0
21 245.48 41.39 1735.5780 12.2825 MX
22 245.48 41.39 1735.5780 87.1048 MY
23 245.48 41.39 323.9307 795.4226 MX
24 245.48 41.39 323.9307 927.6086 MY
25 245.48 41.39 323.9307 855.2804 R180
26 245.48 41.39 323.9307 987.4665 R0
27 245.48 41.39 323.9307 2174.6469 R180
28 245.48 41.39 323.9307 2246.9751 R0
29 167.635 54.035 336.4010 1994.8988 R0
30 167.635 54.035 336.4010 1907.6061 R180
31 294.835 165.165 4.6889 3.2350 MX
32 294.835 165.165 303.9781 3.2350 R180
33 294.835 165.165 4.6889 185.3026 MY
34 294.835 165.165 303.9781 185.3026 R0
35 294.835 165.165 4.6889 352.4058 R180
36 294.835 165.165 303.9781 352.4058 R180
37 294.835 165.165 4.6889 534.4734 MY
38 294.835 165.165 303.9781 534.4734 MY
39 161.715 302.255 603.2672 3.3193 MX
40 161.715 302.255 767.8763 3.3193 R180
41 161.715 302.255 603.2672 322.5611 MY
42 161.715 302.255 767.8763 322.5611 R0
43 294.835 165.165 2902.8058 3.2350 R180
44 294.835 165.165 2603.5166 3.2350 R180
45 294.835 165.165 2902.8058 185.3026 R0
46 294.835 165.165 2603.5166 185.3026 R0
47 294.835 165.165 2902.8058 352.4058 R180
48 294.835 165.165 2603.5166 352.4058 MX
49 294.835 165.165 2902.8058 534.4734 R0
50 294.835 165.165 2603.5166 534.4734 R0
51 294.835 165.165 4.6889 3031.0440 MY
52 294.835 165.165 303.9781 3031.0440 MY
53 294.835 165.165 4.6889 2848.9764 MX
54 294.835 165.165 303.9781 2848.9764 R180
55 294.835 165.165 4.6889 2681.8733 MY
56 294.835 165.165 303.9781 2681.8733 MY
57 294.835 165.165 4.6889 2499.8057 R180
58 294.835 165.165 303.9781 2499.8057 R180
59 294.835 165.165 2902.8058 3031.0440 MY
60 294.835 165.165 2603.5166 3031.0440 MY
61 294.835 165.165 2902.8058 2848.9764 R180
62 294.835 165.165 2603.5166 2848.9764 R180
63 294.835 165.165 2902.8058 2681.8733 MY
64 294.835 165.165 2603.5166 2681.8733 R0
65 294.835 165.165 2902.8058 2499.8057 R180
66 294.835 165.165 2603.5166 2499.8057 MX
67 161.715 302.255 2438.9076 2893.9540 R0
68 161.715 302.255 2274.2985 2893.9540 MY
69 161.715 302.255 2438.9076 2574.7122 R180
70 161.715 302.255 2274.2985 2574.7122 R180
71 167.635 54.035 368.8240 1169.3594 MY
72 167.635 54.035 358.8477 1097.0312 R180
73 294.835 165.165 4.6889 1070.6998 R0
74 294.835 165.165 4.6889 888.6322 MX
75 294.835 165.165 4.6889 1237.8030 R180
76 294.835 165.165 4.6889 1419.8705 R0
77 294.835 165.165 4.6889 1993.5082 MX
78 294.835 165.165 4.6889 1826.4050 R0
79 294.835 165.165 4.6889 1644.3374 MX
80 294.835 165.165 4.6889 2175.5757 MY
81 161.715 302.255 603.2672 2893.9540 R0
82 161.715 302.255 767.8763 2893.9540 R0
83 161.715 302.255 603.2672 2574.7122 R180
84 161.715 302.255 767.8763 2574.7122 MX
85 161.715 302.255 2438.9076 3.3193 MX
86 161.715 302.255 2274.2985 3.3193 MX
87 161.715 302.255 2438.9076 322.5611 R0
88 161.715 302.255 2274.2985 322.5611 MY
89 294.835 165.165 2875.3710 2060.8482 R0
90 294.835 165.165 2875.3710 1878.7806 MX
91 294.835 165.165 2875.3710 1711.6775 MY
92 294.835 165.165 2875.3710 1529.6099 R180
93 294.835 165.165 2875.3710 1362.5068 R0
94 294.835 165.165 2875.3710 1180.4392 MX
95 294.835 165.165 2875.3710 1013.3361 R0
96 294.835 165.165 2872.8769 831.2685 MX
97 117.835 65.555 2526.2003 883.4910 MX
98 117.835 65.555 2403.9905 883.4910 MX
99 117.835 65.555 2403.9905 965.7955 MY
100 117.835 65.555 2526.2003 965.7955 R0
101 114.515 65.555 782.8408 1003.2067 R180
102 114.515 65.555 900.0624 1003.2067 MX
103 114.515 65.555 785.3348 1085.5112 MY
104 114.515 65.555 902.5564 1085.5112 R0
105 114.515 65.555 2526.2003 1237.6499 R180
106 114.515 65.555 2528.6944 1319.9544 R0
107 114.515 65.555 2408.9787 1237.6499 MX
108 114.515 65.555 2411.4728 1319.9544 R0
109 167.635 54.035 2184.5118 1131.9483 R0
110 117.835 65.555 812.7697 1304.9900 MX
111 117.835 65.555 934.9794 1304.9900 MX
112 117.835 65.555 812.7697 1387.2945 MY
113 117.835 65.555 934.9794 1387.2945 MY
114 64.52 92.9 1406.3599 282.5084 R0
115 167.635 54.035 2184.5118 1062.1141 R180
116 167.635 54.035 1882.7285 2618.4179 R0
117 167.635 54.035 1882.7285 2548.5838 MX