0 161.715 302.255 2411.4728 2896.4481 R0
1 161.715 302.255 2226.9111 2896.4481 R0
2 161.715 302.255 2411.4728 2574.7122 MX
3 161.715 302.255 2226.9111 2574.7122 MX
4 161.715 302.255 196.7328 2133.2607 R0
5 161.715 302.255 12.1711 2150.7192 R0
6 161.715 302.255 196.7328 1814.0188 MX
7 161.715 302.255 12.1711 1828.9833 MX
8 161.715 302.255 1181.8930 0.8252 R180
9 161.715 302.255 994.8373 0.8252 R180
10 161.715 302.255 810.2756 0.8252 R180
11 161.715 302.255 625.7139 0.8252 R180
12 161.715 302.255 1857.7878 322.5611 MY
13 161.715 302.255 2042.3494 322.5611 MY
14 161.715 302.255 1857.7878 0.8252 R180
15 161.715 302.255 2042.3494 0.8252 R180
16 294.835 165.165 2897.8177 2320.2322 R0
17 294.835 165.165 2591.0463 2320.2322 R0
18 294.835 165.165 2897.8177 2135.6705 MX
19 294.835 165.165 2591.0463 2135.6705 MX
20 294.835 165.165 2897.8177 2846.4823 MX
21 294.835 165.165 2591.0463 2846.4823 MX
22 294.835 165.165 2897.8177 3033.5381 R0
23 294.835 165.165 2591.0463 3033.5381 R0
24 294.835 165.165 2897.8177 2492.3235 MX
25 294.835 165.165 2591.0463 2492.3235 MX
26 294.835 165.165 2897.8177 2676.8851 R0
27 294.835 165.165 2591.0463 2676.8851 R0
28 294.835 165.165 929.9913 3033.5381 R0
29 294.835 165.165 620.7258 3033.5381 MY
30 294.835 165.165 929.9913 2846.4823 MX
31 294.835 165.165 620.7258 2846.4823 R180
32 294.835 165.165 313.9544 2676.8851 R0
33 294.835 165.165 7.1829 2676.8851 MY
34 294.835 165.165 313.9544 2846.4823 MX
35 294.835 165.165 7.1829 2846.4823 R180
36 294.835 165.165 313.9544 3033.5381 R0
37 294.835 165.165 7.1829 3033.5381 MY
38 294.835 165.165 313.9544 2492.3235 MX
39 294.835 165.165 7.1829 2492.3235 R180
40 294.835 165.165 7.1829 898.6085 MY
41 294.835 165.165 313.9544 898.6085 R0
42 294.835 165.165 7.1829 714.0469 R180
43 294.835 165.165 313.9544 714.0469 MX
44 294.835 165.165 313.9544 187.7967 R0
45 294.835 165.165 7.1829 187.7967 MY
46 294.835 165.165 313.9544 357.3939 MX
47 294.835 165.165 7.1829 357.3939 R180
48 294.835 165.165 313.9544 544.4497 R0
49 294.835 165.165 7.1829 544.4497 MY
50 294.835 165.165 7.1829 3.2350 R180
51 294.835 165.165 313.9544 3.2350 MX
52 294.835 165.165 2284.2748 187.7967 MY
53 294.835 165.165 2284.2748 3.2350 R180
54 294.835 165.165 2284.2748 544.4497 MY
55 294.835 165.165 2284.2748 357.3939 R180
56 294.835 165.165 2591.0463 187.7967 MY
57 294.835 165.165 2591.0463 3.2350 R180
58 294.835 165.165 2897.8177 187.7967 R0
59 294.835 165.165 2897.8177 3.2350 MX
60 294.835 165.165 2591.0463 544.4497 MY
61 294.835 165.165 2591.0463 357.3939 R180
62 294.835 165.165 2897.8177 544.4497 R0
63 294.835 165.165 2897.8177 357.3939 MX
64 239.24 92.9 2927.7466 2000.9272 R0
65 239.24 92.9 2927.7466 1876.2233 MX
66 239.24 92.9 2927.7466 935.9565 R0
67 239.24 92.9 2927.7466 808.7586 MX
68 245.48 41.39 2615.9870 2020.0142 MX
69 245.48 41.39 2615.9870 1900.2985 MX
70 245.48 41.39 2615.9870 2087.3542 R0
71 245.48 41.39 2615.9870 1967.6386 R0
72 245.48 41.39 2615.9870 775.4700 MX
73 245.48 41.39 2615.9870 842.8100 R0
74 245.48 41.39 2615.9870 892.6916 MX
75 245.48 41.39 2615.9870 960.0316 R0
76 167.635 54.03499999999998 2408.9787 2496.2082 R0
77 167.635 54.03499999999998 2408.9787 2369.0103 MX
78 167.635 54.03499999999998 378.8003 2383.9747 R0
79 167.635 54.03499999999998 378.8003 2309.1524 MX
80 167.635 54.03499999999998 685.5718 480.9943 MY
81 167.635 54.03499999999998 685.5718 353.7964 R180
82 167.635 54.03499999999998 2039.8553 777.7894 MY
83 167.635 54.03499999999998 2039.8553 650.5915 R180
84 117.835 65.555 2064.7961 3083.2665 R0
85 117.835 65.555 1940.0923 3083.2665 R0
86 117.835 65.555 2064.7961 2956.0686 MX
87 117.835 65.555 1940.0923 2956.0686 MX
88 117.835 65.555 156.8275 1719.0067 R0
89 117.835 65.555 34.6178 1719.0067 MY
90 117.835 65.555 156.8275 1591.8088 MX
91 117.835 65.555 34.6178 1591.8088 R180
92 117.835 65.555 1386.4073 414.6046 R0
93 117.835 65.555 1386.4073 177.6673 R0
94 117.835 65.555 1386.4073 289.9008 MX
95 117.835 65.555 1386.4073 52.9635 MX
96 117.835 65.555 1570.9689 177.6673 MY
97 117.835 65.555 1695.6728 177.6673 MY
98 117.835 65.555 1570.9689 52.9635 R180
99 117.835 65.555 1695.6728 52.9635 R180
100 114.515 65.555 2433.9194 2252.7391 R0
101 114.515 65.555 2311.7097 2252.7391 R0
102 114.515 65.555 2433.9194 2125.5411 MX
103 114.515 65.555 2311.7097 2125.5411 MX
104 114.515 65.555 1388.9014 3083.2665 R0
105 114.515 65.555 1266.6916 3083.2665 R0
106 114.515 65.555 1388.9014 2956.0686 MX
107 114.515 65.555 1266.6916 2956.0686 MX
108 114.515 65.555 34.6178 1245.1321 R0
109 114.515 65.555 159.3216 1245.1321 MY
110 114.515 65.555 34.6178 1117.9342 MX
111 114.515 65.555 159.3216 1117.9342 R180
112 114.515 65.555 2249.3578 890.9732 MY
113 114.515 65.555 2374.0616 890.9732 MY
114 114.515 65.555 2249.3578 763.7753 R180
115 114.515 65.555 2374.0616 763.7753 R180
116 64.52 92.9 3074.8971 1756.5077 MX
117 64.52 92.9 3015.0393 1053.1781 R0