0 161.715 302.255 2276.7926 322.5611 R0
1 161.715 302.255 2276.7926 0.8252 R180
2 161.715 302.255 2441.4017 322.5611 R0
3 161.715 302.255 2441.4017 0.8252 MX
4 117.835 65.555 1264.1975 2881.2463 R0
5 117.835 65.555 1264.1975 2796.4477 R180
6 117.835 65.555 1141.9878 2881.2463 R0
7 117.835 65.555 1141.9878 2796.4477 R180
8 161.715 302.255 2276.7926 2574.7122 R180
9 161.715 302.255 2276.7926 2896.4481 MY
10 161.715 302.255 2441.4017 2574.7122 R180
11 161.715 302.255 2441.4017 2896.4481 R0
12 117.835 65.555 1344.0080 3050.8436 MY
13 117.835 65.555 1344.0080 2966.0450 MX
14 117.835 65.555 1224.2923 3050.8436 R0
15 117.835 65.555 1224.2923 2966.0450 R180
16 161.715 302.255 762.8881 2574.7122 MX
17 161.715 302.255 762.8881 2896.4481 R0
18 161.715 302.255 598.2791 2574.7122 MX
19 161.715 302.255 598.2791 2896.4481 MY
20 117.835 65.555 1344.0080 1758.9119 R0
21 117.835 65.555 1344.0080 1674.1133 MX
22 117.835 65.555 1221.7982 1758.9119 MY
23 117.835 65.555 1221.7982 1674.1133 MX
24 161.715 302.255 762.8881 322.5611 R0
25 161.715 302.255 762.8881 0.8252 R180
26 161.715 302.255 598.2791 322.5611 MY
27 161.715 302.255 598.2791 0.8252 MX
28 117.835 65.555 1466.2177 3075.7843 MY
29 117.835 65.555 1466.2177 2990.9857 MX
30 117.835 65.555 1588.4275 3075.7843 MY
31 117.835 65.555 1588.4275 2990.9857 MX
32 294.835 165.165 -0.2993 706.5646 MX
33 294.835 165.165 -0.2993 1355.0245 R0
34 114.515 65.555 927.4972 1866.1572 MY
35 114.515 65.555 927.4972 1783.8527 R180
36 114.515 65.555 1044.7188 1866.1572 R0
37 114.515 65.555 1044.7188 1783.8527 MX
38 294.835 165.165 -0.2993 2327.7144 MY
39 294.835 165.165 -0.2993 1791.4879 MX
40 114.515 65.555 1877.7404 2881.2463 R0
41 114.515 65.555 1877.7404 2796.4477 MX
42 114.515 65.555 1994.9620 2881.2463 R0
43 114.515 65.555 1994.9620 2796.4477 R180
44 294.835 165.165 298.9899 536.9674 MY
45 294.835 165.165 2.1948 536.9674 MY
46 294.835 165.165 298.9899 0.7410 R180
47 294.835 165.165 2.1948 0.7410 MX
48 294.835 165.165 2606.0107 536.9674 R0
49 294.835 165.165 2902.8058 536.9674 R0
50 294.835 165.165 2606.0107 0.7410 R180
51 294.835 165.165 2902.8058 0.7410 R180
52 294.835 165.165 2905.2999 1447.3054 R0
53 114.515 65.555 1994.9620 3133.1481 R0
54 114.515 65.555 1994.9620 3048.3495 MX
55 114.515 65.555 1877.7404 3133.1481 R0
56 114.515 65.555 1877.7404 3048.3495 R180
57 294.835 165.165 2902.8058 1791.4879 MX
58 294.835 165.165 2902.8058 2327.7144 R0
59 114.515 65.555 1750.5425 2906.1871 R0
60 114.515 65.555 1750.5425 2821.3885 R180
61 114.515 65.555 1633.3209 2906.1871 R0
62 114.515 65.555 1633.3209 2821.3885 MX
63 294.835 165.165 2606.0107 2497.3116 MX
64 294.835 165.165 2902.8058 2497.3116 R180
65 294.835 165.165 2606.0107 3033.5381 MY
66 294.835 165.165 2902.8058 3033.5381 MY
67 294.835 165.165 298.9899 2497.3116 R180
68 294.835 165.165 2.1948 2497.3116 R180
69 294.835 165.165 298.9899 3033.5381 MY
70 294.835 165.165 2.1948 3033.5381 MY
71 239.24 92.9 1358.9724 112.9112 MY
72 239.24 92.9 1358.9724 0.6778 R180
73 64.52 92.9 1156.9522 3105.8031 R0
74 239.24 92.9 977.3787 112.9112 MY
75 239.24 92.9 977.3787 0.6778 MX
76 64.52 92.9 685.5718 1564.4638 R0
77 245.48 41.39 1735.5780 24.7529 MX
78 245.48 41.39 1735.5780 84.6107 MY
79 245.48 41.39 323.9307 875.2330 MX
80 245.48 41.39 323.9307 935.0909 R0
81 245.48 41.39 323.9307 2172.1528 R180
82 245.48 41.39 323.9307 2234.5047 R0
83 167.635 54.035 298.9899 1825.3016 R0
84 167.635 54.035 1463.7237 2907.7308 R0
85 167.635 54.035 2012.4205 47.0250 MX
86 167.635 54.035 298.9899 2037.2981 R0
87 167.635 54.035 298.9899 1937.5350 R180
88 167.635 54.035 298.9899 2102.1441 MY
89 167.635 54.035 2.1948 1104.5134 R180
90 167.635 54.035 298.9899 1413.7789 MY
91 294.835 165.165 2.1948 2848.9764 MX
92 294.835 165.165 298.9899 2848.9764 R180
93 294.835 165.165 2.1948 2681.8733 MY
94 294.835 165.165 298.9899 2681.8733 MY
95 294.835 165.165 -0.2993 2145.6468 MX
96 294.835 165.165 -0.2993 1976.0496 R0
97 294.835 165.165 -0.2993 1170.4629 R180
98 294.835 165.165 -0.2993 891.1263 R0
99 294.835 165.165 2.1948 354.8998 R180
100 294.835 165.165 298.9899 354.8998 R180
101 294.835 165.165 2.1948 185.3026 MY
102 294.835 165.165 298.9899 185.3026 R0
103 294.835 165.165 2606.0107 185.3026 R0
104 294.835 165.165 2902.8058 185.3026 R0
105 294.835 165.165 2606.0107 354.8998 MX
106 294.835 165.165 2902.8058 354.8998 R180
107 294.835 165.165 2905.2999 908.5848 R180
108 294.835 165.165 2905.2999 1093.1465 MY
109 294.835 165.165 2905.2999 1262.7437 MX
110 294.835 165.165 2902.8058 1976.0496 R0
111 294.835 165.165 2902.8058 2145.6468 MX
112 294.835 165.165 2606.0107 2681.8733 MY
113 294.835 165.165 2902.8058 2681.8733 MY
114 294.835 165.165 2606.0107 2848.9764 R180
115 294.835 165.165 2902.8058 2848.9764 R180
116 245.48 41.39 323.9307 927.6086 R180
117 245.48 41.39 323.9307 882.7153 MY