0 294.835 165.165 2.1948 2078.3068 MX
1 294.835 165.165 298.9899 2078.3068 MX
2 294.835 165.165 2.1948 2262.8684 R0
3 294.835 165.165 298.9899 2262.8684 R0
4 294.835 165.165 2.1948 2432.4656 R180
5 294.835 165.165 298.9899 2432.4656 R180
6 294.835 165.165 2.1948 2617.0273 MY
7 294.835 165.165 298.9899 2617.0273 R0
8 161.715 302.255 767.8763 2574.7122 R180
9 161.715 302.255 932.4853 2669.4871 R180
10 161.715 302.255 598.2791 2896.4481 MY
11 161.715 302.255 762.8881 2896.4481 R0
12 117.835 65.555 1169.4226 3048.3495 R180
13 117.835 65.555 1912.6574 3048.3495 R180
14 117.835 65.555 1169.4226 3133.1481 MY
15 117.835 65.555 1912.6574 3133.1481 R0
16 294.835 165.165 2.1948 2848.9764 MX
17 294.835 165.165 298.9899 2848.9764 R180
18 294.835 165.165 2.1948 3033.5381 R0
19 294.835 165.165 298.9899 3033.5381 MY
20 114.515 65.555 1097.0944 2831.3648 R180
21 114.515 65.555 1214.3160 2831.3648 MX
22 114.515 65.555 1097.0944 2913.6693 R0
23 114.515 65.555 1214.3160 2913.6693 MY
24 167.635 54.035 1097.0944 2992.5294 MY
25 167.635 54.035 2104.7013 2992.5294 R0
26 294.835 165.165 2606.0107 0.7410 R180
27 294.835 165.165 2902.8058 0.7410 MX
28 294.835 165.165 2606.0107 185.3026 R0
29 294.835 165.165 2902.8058 185.3026 R0
30 294.835 165.165 2606.0107 354.8998 R180
31 294.835 165.165 2902.8058 354.8998 R180
32 294.835 165.165 2606.0107 536.9674 MY
33 294.835 165.165 2902.8058 536.9674 MY
34 161.715 302.255 2276.7926 2574.7122 MX
35 161.715 302.255 2441.4017 2574.7122 MX
36 161.715 302.255 2276.7926 2896.4481 MY
37 161.715 302.255 2441.4017 2896.4481 R0
38 117.835 65.555 2034.8672 3048.3495 R180
39 117.835 65.555 2154.5829 3048.3495 MX
40 117.835 65.555 2034.8672 3133.1481 R0
41 117.835 65.555 2154.5829 3133.1481 R0
42 294.835 165.165 2606.0107 2848.9764 MX
43 294.835 165.165 2902.8058 2848.9764 R180
44 294.835 165.165 2606.0107 3033.5381 MY
45 294.835 165.165 2902.8058 3033.5381 R0
46 114.515 65.555 1289.1383 3048.3495 MX
47 114.515 65.555 1922.6337 2896.2108 R180
48 114.515 65.555 1289.1383 3133.1481 R0
49 114.515 65.555 1922.6337 2981.0094 R0
50 167.635 54.035 927.4972 2992.5294 MY
51 167.635 54.035 2.1948 2793.0033 MY
52 294.835 165.165 2606.0107 2145.6468 R180
53 294.835 165.165 2902.8058 2145.6468 R180
54 294.835 165.165 2606.0107 2327.7144 R0
55 294.835 165.165 2902.8058 2327.7144 MY
56 294.835 165.165 2606.0107 2497.3116 R180
57 294.835 165.165 2902.8058 2497.3116 MX
58 294.835 165.165 2606.0107 2681.8733 MY
59 294.835 165.165 2902.8058 2681.8733 R0
60 161.715 302.255 598.2791 2195.6126 R180
61 161.715 302.255 762.8881 1948.6990 MX
62 161.715 302.255 598.2791 2517.3484 MY
63 161.715 302.255 762.8881 2270.4349 MY
64 117.835 65.555 927.4972 3048.3495 R180
65 117.835 65.555 1047.2129 3048.3495 MX
66 117.835 65.555 927.4972 3133.1481 MY
67 117.835 65.555 1047.2129 3133.1481 R0
68 294.835 165.165 2.1948 1110.6050 R180
69 294.835 165.165 298.9899 1058.2294 R180
70 294.835 165.165 2.1948 1295.1667 MY
71 294.835 165.165 298.9899 1242.7911 MY
72 114.515 65.555 2042.3494 2831.3648 R180
73 114.515 65.555 2159.5710 2831.3648 MX
74 114.515 65.555 2042.3494 2913.6693 MY
75 114.515 65.555 2159.5710 2913.6693 R0
76 167.635 54.035 171.7920 2793.0033 R0
77 167.635 54.035 598.2791 2830.4144 R0
78 294.835 165.165 398.7530 0.7410 MX
79 294.835 165.165 695.5481 0.7410 R180
80 294.835 165.165 398.7530 185.3026 R0
81 294.835 165.165 695.5481 185.3026 R0
82 294.835 165.165 331.4129 354.8998 MX
83 294.835 165.165 628.2080 354.8998 MX
84 294.835 165.165 331.4129 536.9674 MY
85 294.835 165.165 628.2080 536.9674 MY
86 161.715 302.255 69.5349 0.8252 R180
87 161.715 302.255 234.1439 0.8252 R180
88 161.715 302.255 2.1948 322.5611 R0
89 161.715 302.255 166.8038 322.5611 MY
90 117.835 65.555 2122.1599 52.9635 MX
91 117.835 65.555 2241.8755 52.9635 R180
92 117.835 65.555 2241.8755 137.7621 MY
93 117.835 65.555 2416.4609 269.9482 MY
94 294.835 165.165 2.1948 758.9403 R180
95 294.835 165.165 298.9899 706.5646 R180
96 294.835 165.165 2.1948 941.0078 MY
97 294.835 165.165 298.9899 891.1263 R0
98 114.515 65.555 994.8373 210.0903 MX
99 114.515 65.555 1112.0589 210.0903 R180
100 114.515 65.555 927.4972 362.2290 MY
101 114.515 65.555 1044.7188 284.9126 R180
102 167.635 54.035 2.1948 628.1448 R180
103 167.635 54.035 2.1948 692.9908 MX
104 239.24 92.9 2364.0853 0.6778 R180
105 239.24 92.9 2364.0853 112.9112 MY
106 64.52 92.9 2538.6707 210.1802 MX
107 239.24 92.9 994.8373 0.6778 MX
108 239.24 92.9 994.8373 112.9112 MY
109 64.52 92.9 2.1948 0.6778 R180
110 245.48 41.39 2705.7738 2039.9668 MX
111 245.48 41.39 2952.6874 2039.9668 MX
112 245.48 41.39 2705.7738 2099.8246 MY
113 245.48 41.39 2952.6874 2099.8246 R0
114 245.48 41.39 2952.6874 705.6358 R180
115 245.48 41.39 2952.6874 765.4937 R0
116 245.48 41.39 2114.6776 2.3062 R180
117 245.48 41.39 2289.2630 216.7968 R0