0 161.715 302.255 762.8881 2896.4481 R0
1 161.715 302.255 762.8881 2574.7122 R180
2 161.715 302.255 598.2791 2896.4481 R0
3 161.715 302.255 598.2791 2574.7122 R180
4 117.835 65.555 1047.2129 3133.1481 R0
5 117.835 65.555 1047.2129 3048.3495 R180
6 117.835 65.555 927.4972 3133.1481 R0
7 117.835 65.555 927.4972 3048.3495 R180
8 161.715 302.255 2276.7926 2574.7122 R180
9 161.715 302.255 2276.7926 2896.4481 R0
10 161.715 302.255 2441.4017 2574.7122 R180
11 161.715 302.255 2441.4017 2896.4481 R0
12 117.835 65.555 2032.3731 3040.8672 R180
13 117.835 65.555 2034.8672 3133.1481 R0
14 117.835 65.555 2154.5829 3133.1481 R0
15 117.835 65.555 2152.0888 3048.3495 R180
16 161.715 302.255 2276.7926 0.8252 R180
17 161.715 302.255 2276.7926 322.5611 R0
18 161.715 302.255 2441.4017 0.8252 R180
19 161.715 302.255 2441.4017 322.5611 R0
20 117.835 65.555 2034.8672 0.5879 R180
21 117.835 65.555 2152.0888 85.3865 R0
22 117.835 65.555 2154.5829 0.5879 R180
23 117.835 65.555 2032.3731 85.3865 R0
24 161.715 302.255 762.8881 322.5611 R0
25 161.715 302.255 762.8881 0.8252 R180
26 161.715 302.255 598.2791 322.5611 R0
27 161.715 302.255 598.2791 0.8252 R180
28 117.835 65.555 1047.2129 0.5879 R180
29 117.835 65.555 927.4972 85.3865 R0
30 117.835 65.555 927.4972 0.5879 R180
31 117.835 65.555 1047.2129 85.3865 R0
32 294.835 165.165 2.1948 891.1263 R0
33 294.835 165.165 2.1948 1058.2294 R180
34 294.835 165.165 2.1948 706.5646 R180
35 294.835 165.165 2.1948 1242.7911 R0
36 114.515 65.555 598.2791 711.3997 R0
37 114.515 65.555 598.2791 629.0952 R180
38 114.515 65.555 715.5007 711.3997 R0
39 114.515 65.555 715.5007 629.0952 R180
40 294.835 165.165 2.1948 2327.7144 R0
41 294.835 165.165 2.1948 1976.0496 R0
42 294.835 165.165 2.1948 2145.6468 R180
43 294.835 165.165 2.1948 1791.4879 R180
44 114.515 65.555 598.2791 2507.1349 R0
45 114.515 65.555 598.2791 2422.3363 R180
46 114.515 65.555 715.5007 2414.8540 R180
47 114.515 65.555 715.5007 2499.6526 R0
48 294.835 165.165 298.9899 536.9674 R0
49 294.835 165.165 298.9899 185.3026 R0
50 294.835 165.165 298.9899 354.8998 R180
51 294.835 165.165 2.1948 536.9674 R0
52 294.835 165.165 298.9899 0.7410 R180
53 294.835 165.165 2.1948 185.3026 R0
54 294.835 165.165 2.1948 354.8998 R180
55 294.835 165.165 2.1948 0.7410 R180
56 294.835 165.165 2606.0107 536.9674 R0
57 294.835 165.165 2606.0107 185.3026 R0
58 294.835 165.165 2606.0107 354.8998 R180
59 294.835 165.165 2902.8058 536.9674 R0
60 294.835 165.165 2606.0107 0.7410 R180
61 294.835 165.165 2902.8058 185.3026 R0
62 294.835 165.165 2902.8058 354.8998 R180
63 294.835 165.165 2902.8058 0.7410 R180
64 294.835 165.165 2902.8058 1791.4879 R180
65 294.835 165.165 2902.8058 2145.6468 R180
66 294.835 165.165 2902.8058 1976.0496 R0
67 294.835 165.165 2902.8058 2327.7144 R0
68 114.515 65.555 2042.3494 2971.0331 R0
69 114.515 65.555 2042.3494 2886.2345 R180
70 114.515 65.555 2159.5710 2971.0331 R0
71 114.515 65.555 2159.5710 2886.2345 R180
72 294.835 165.165 2902.8058 1242.7911 R0
73 294.835 165.165 2902.8058 891.1263 R0
74 294.835 165.165 2902.8058 1058.2294 R180
75 294.835 165.165 2902.8058 706.5646 R180
76 114.515 65.555 2042.3494 240.0193 R0
77 114.515 65.555 2042.3494 155.2207 R180
78 114.515 65.555 2159.5710 240.0193 R0
79 114.515 65.555 2159.5710 155.2207 R180
80 294.835 165.165 2606.0107 2497.3116 R180
81 294.835 165.165 2606.0107 2848.9764 R180
82 294.835 165.165 2606.0107 2681.8733 R0
83 294.835 165.165 2902.8058 2497.3116 R180
84 294.835 165.165 2606.0107 3033.5381 R0
85 294.835 165.165 2902.8058 2848.9764 R180
86 294.835 165.165 2902.8058 2681.8733 R0
87 294.835 165.165 2902.8058 3033.5381 R0
88 294.835 165.165 298.9899 2497.3116 R180
89 294.835 165.165 298.9899 2848.9764 R180
90 294.835 165.165 298.9899 2681.8733 R0
91 294.835 165.165 2.1948 2497.3116 R180
92 294.835 165.165 298.9899 3033.5381 R0
93 294.835 165.165 2.1948 2848.9764 R180
94 294.835 165.165 2.1948 2681.8733 R0
95 294.835 165.165 2.1948 3033.5381 R0
96 239.24 92.9 1169.4226 3105.8031 R0
97 239.24 92.9 1169.4226 2993.5696 R180
98 64.52 92.9 927.4972 2953.6644 R0
99 239.24 92.9 298.9899 818.7349 R0
100 239.24 92.9 298.9899 706.5014 R180
101 64.52 92.9 548.3976 911.0157 R180
102 245.48 41.39 298.9899 2286.8804 R180
103 245.48 41.39 298.9899 2346.7382 R0
104 245.48 41.39 298.9899 915.1382 R180
105 245.48 41.39 298.9899 1019.8895 R180
106 245.48 41.39 298.9899 974.9961 R0
107 245.48 41.39 298.9899 1079.7473 R0
108 245.48 41.39 298.9899 2391.6316 R180
109 245.48 41.39 298.9899 2451.4894 R0
110 167.635 54.035 1865.2700 3144.6681 R0
111 167.635 54.035 2733.2086 705.4612 R180
112 167.635 54.035 2733.2086 2438.8444 R0
113 167.635 54.035 548.3976 2356.5399 R0
114 167.635 54.035 548.3976 2291.6939 R0
115 167.635 54.035 2436.4135 628.1448 R180
116 167.635 54.035 540.9153 780.2835 R180
117 167.635 54.035 540.9153 845.1295 R180