0 161.715 302.255 12.1711 2726.8509 MY
1 161.715 302.255 2842.9480 230.2802 MX
2 161.715 302.255 2533.6825 230.2802 MX
3 161.715 302.255 196.7328 2726.8509 MY
4 161.715 302.255 2349.1208 170.4224 MX
5 161.715 302.255 3027.5097 534.5576 R0
6 161.715 302.255 750.4178 2666.9930 MY
7 161.715 302.255 12.1711 2252.9763 MY
8 161.715 302.255 994.8373 2786.7087 MY
9 161.715 302.255 1241.7508 2666.9930 MY
10 161.715 302.255 196.7328 2245.4941 R180
11 161.715 302.255 565.8561 2666.9930 MY
12 161.715 302.255 1426.3125 2666.9930 MY
13 161.715 302.255 1920.1397 2666.9930 MY
14 161.715 302.255 3027.5097 170.4224 MX
15 161.715 302.255 2658.3863 2370.1979 R0
16 294.835 165.165 683.0777 3.2350 R180
17 294.835 165.165 683.0777 601.8134 MY
18 294.835 165.165 376.3063 958.4664 MY
19 294.835 165.165 313.9544 1195.4036 MY
20 294.835 165.165 867.6394 424.7340 MY
21 294.835 165.165 1361.4665 3.2350 MX
22 294.835 165.165 1052.2010 60.5988 R180
23 294.835 165.165 1176.9049 240.1723 MX
24 294.835 165.165 683.0777 240.1723 R180
25 294.835 165.165 313.9544 1432.3409 MY
26 294.835 165.165 1852.7996 3.2350 MX
27 294.835 165.165 436.1641 424.7340 MY
28 294.835 165.165 67.0408 773.9047 R180
29 294.835 165.165 498.5160 773.9047 R180
30 294.835 165.165 313.9544 240.1723 R180
31 294.835 165.165 313.9544 1669.2782 MY
32 294.835 165.165 7.1829 958.4664 R0
33 294.835 165.165 67.0408 3.2350 MX
34 294.835 165.165 7.1829 534.4734 MX
35 294.835 165.165 376.3063 3.2350 R180
36 294.835 165.165 376.3063 594.3312 R180
37 294.835 165.165 7.1829 1135.5458 R0
38 294.835 165.165 7.1829 357.3939 MX
39 294.835 165.165 7.1829 1315.1193 R0
40 294.835 165.165 7.1829 1542.0803 R180
41 294.835 165.165 7.1829 1779.0176 R180
42 294.835 165.165 313.9544 1898.7332 R180
43 294.835 165.165 498.5160 2320.2322 MY
44 294.835 165.165 1176.9049 3033.5381 R0
45 294.835 165.165 7.1829 2015.9548 MX
46 294.835 165.165 805.2874 2439.9479 R0
47 294.835 165.165 436.1641 2075.8127 R180
48 294.835 165.165 683.0777 3033.5381 R0
49 294.835 165.165 7.1829 180.3145 MX
50 294.835 165.165 1668.2379 3033.5381 R0
51 294.835 165.165 1605.8860 2853.9646 R0
52 294.835 165.165 2344.1327 2617.0273 R0
53 294.835 165.165 376.3063 3033.5381 MY
54 294.835 165.165 2591.0463 2135.6705 MX
55 294.835 165.165 2897.8177 1898.7332 MX
56 294.835 165.165 2284.2748 3033.5381 MY
57 294.835 165.165 2897.8177 2617.0273 R0
58 294.835 165.165 2897.8177 3033.5381 R0
59 294.835 165.165 2897.8177 1661.7960 MX
60 294.835 165.165 2897.8177 2380.0900 R0
61 294.835 165.165 2591.0463 2796.6008 R0
62 294.835 165.165 2897.8177 2853.9646 R0
63 294.835 165.165 2099.7132 2853.9646 MY
64 239.24 92.9 2311.7097 45.5711 R0
65 239.24 92.9 2618.4811 45.5711 R0
66 239.24 92.9 2740.6909 756.3830 R0
67 239.24 92.9 2680.8330 579.3035 R0
68 245.48 41.39 1014.7899 12.2825 R0
69 245.48 41.39 1383.9132 191.8560 R0
70 245.48 41.39 2922.7584 960.0316 R0
71 245.48 41.39 2615.9870 3154.8190 R0
72 245.48 41.39 2800.5487 902.6679 R0
73 245.48 41.39 2922.7584 1613.4797 R0
74 245.48 41.39 1877.7404 181.8797 R180
75 245.48 41.39 2922.7584 1139.6051 R0
76 167.635 54.035 2162.0651 303.9149 R0
77 167.635 54.035 2162.0651 184.1992 R0
78 167.635 54.035 9.6770 2605.9475 R180
79 167.635 54.035 378.8003 2665.8054 R180
80 167.635 54.035 194.2387 2605.9475 R180
81 167.635 54.035 378.8003 2783.0270 R180
82 167.635 54.035 9.6770 3079.8221 R180
83 167.635 54.035 378.8003 2546.0897 R180
84 117.835 65.555 1695.6728 60.4457 R0
85 117.835 65.555 2187.0059 60.4457 R0
86 117.835 65.555 3049.9564 1245.1321 R0
87 117.835 65.555 1695.6728 177.6673 R0
88 117.835 65.555 3049.9564 1364.8478 R0
89 117.835 65.555 2187.0059 414.6046 R0
90 117.835 65.555 1017.2840 297.3830 R0
91 117.835 65.555 2865.3947 120.3036 R0
92 117.835 65.555 3049.9564 1482.0694 R0
93 117.835 65.555 1017.2840 2666.7558 R0
94 117.835 65.555 2740.6909 1896.0861 R0
95 117.835 65.555 2556.1292 594.1781 R0
96 117.835 65.555 1695.6728 297.3830 R0
97 117.835 65.555 2002.4442 3083.2665 R0
98 117.835 65.555 2493.7773 2489.6763 R0
99 117.835 65.555 2987.6044 60.4457 R0
100 114.515 65.555 1820.3766 297.3830 R0
101 114.515 65.555 2004.9383 297.3830 R0
102 114.515 65.555 1511.1111 297.3830 R0
103 114.515 65.555 2803.0428 1008.1948 R0
104 114.515 65.555 2680.8330 890.9732 R0
105 114.515 65.555 2618.4811 711.3997 R0
106 114.515 65.555 2927.7466 1245.1321 R0
107 114.515 65.555 2374.0616 534.3203 R0
108 114.515 65.555 650.6547 2549.5342 R0
109 114.515 65.555 403.7411 2903.6930 R0
110 114.515 65.555 219.1794 3083.2665 R0
111 114.515 65.555 1511.1111 3083.2665 R0
112 114.515 65.555 2189.4999 2666.7558 R0
113 114.515 65.555 2433.9194 2903.6930 R0
114 114.515 65.555 2127.1480 3083.2665 R0
115 114.515 65.555 2990.0985 2192.8812 R0
116 64.52 92.9 2768.1257 225.1446 R0
117 64.52 92.9 2768.1257 402.2241 R0