0 161.715 302.255 12.1711 2430.0558 MY
1 161.715 302.255 565.8561 1534.6823 R180
2 161.715 302.255 196.7328 2489.9136 MY
3 161.715 302.255 381.2944 2125.7784 R180
4 161.715 302.255 12.1711 2075.8969 MY
5 161.715 302.255 381.2944 1651.9039 R180
6 161.715 302.255 12.1711 1592.0460 R180
7 161.715 302.255 196.7328 1771.6195 R180
8 161.715 302.255 12.1711 1128.1478 MY
9 161.715 302.255 565.8561 1068.2900 MY
10 161.715 302.255 12.1711 644.2969 R180
11 161.715 302.255 196.7328 823.8705 R180
12 161.715 302.255 381.2944 1245.3694 MY
13 161.715 302.255 196.7328 1305.2272 MY
14 161.715 302.255 381.2944 771.4948 MY
15 161.715 302.255 12.1711 177.9046 MY
16 294.835 165.165 2591.0463 2549.6872 MX
17 294.835 165.165 2099.7132 3033.5381 R0
18 294.835 165.165 2591.0463 2796.6008 R0
19 294.835 165.165 1483.6763 3033.5381 MY
20 294.835 165.165 867.6394 2796.6008 MY
21 294.835 165.165 2159.5710 2853.9646 R0
22 294.835 165.165 1790.4477 3033.5381 MY
23 294.835 165.165 2897.8177 2492.3235 MX
24 294.835 165.165 2897.8177 2736.7430 R0
25 294.835 165.165 2406.4846 3033.5381 R0
26 294.835 165.165 2897.8177 2906.3402 MX
27 294.835 165.165 2591.0463 2372.6078 MX
28 294.835 165.165 376.3063 2499.8057 MY
29 294.835 165.165 251.6024 2853.9646 MY
30 294.835 165.165 560.8679 2853.9646 MY
31 294.835 165.165 498.5160 3033.5381 MY
32 294.835 165.165 376.3063 2669.4029 R180
33 294.835 165.165 683.0777 2609.5451 MX
34 294.835 165.165 867.6394 3033.5381 R0
35 294.835 165.165 191.7446 3033.5381 MY
36 294.835 165.165 1176.9049 3033.5381 MY
37 294.835 165.165 560.8679 2312.7500 R180
38 294.835 165.165 1361.4665 2853.9646 R0
39 294.835 165.165 2897.8177 2320.2322 R0
40 294.835 165.165 867.6394 357.3939 R180
41 294.835 165.165 1605.8860 3.2350 MX
42 294.835 165.165 2591.0463 357.3939 MX
43 294.835 165.165 1361.4665 180.3145 R180
44 294.835 165.165 1668.2379 180.3145 MX
45 294.835 165.165 1299.1146 3.2350 R180
46 294.835 165.165 560.8679 357.3939 R180
47 294.835 165.165 1915.1515 3.2350 MX
48 294.835 165.165 2284.2748 180.3145 MX
49 294.835 165.165 313.9544 3.2350 R180
50 294.835 165.165 989.8491 180.3145 R180
51 294.835 165.165 620.7258 3.2350 R180
52 294.835 165.165 2528.6944 3.2350 R180
53 294.835 165.165 2897.8177 424.7340 MY
54 294.835 165.165 2221.9229 3.2350 MX
55 294.835 165.165 2591.0463 180.3145 R180
56 294.835 165.165 929.9913 3.2350 R180
57 294.835 165.165 683.0777 187.7967 MY
58 294.835 165.165 376.3063 187.7967 R0
59 294.835 165.165 1975.0094 180.3145 MX
60 294.835 165.165 2897.8177 594.3312 MX
61 294.835 165.165 2897.8177 838.7507 R0
62 294.835 165.165 2284.2748 357.3939 MX
63 294.835 165.165 2591.0463 534.4734 MX
64 239.24 92.9 2927.7466 2180.5007 MY
65 239.24 92.9 2927.7466 2060.7850 R0
66 239.24 92.9 2927.7466 38.0889 MX
67 239.24 92.9 2927.7466 157.8046 MX
68 245.48 41.39 2862.9006 3154.8190 R0
69 245.48 41.39 2493.7773 2975.2455 R0
70 245.48 41.39 2922.7584 3094.9612 R0
71 245.48 41.39 2553.6351 2738.3082 R0
72 245.48 41.39 2922.7584 2678.4504 R0
73 245.48 41.39 2922.7584 1012.4072 MX
74 245.48 41.39 2922.7584 775.4700 MX
75 245.48 41.39 2922.7584 301.5954 MX
76 167.635 54.035 9.6770 2842.8848 R180
77 167.635 54.035 194.2387 2376.4925 MY
78 167.635 54.035 194.2387 2132.0730 R180
79 167.635 54.035 563.3620 1895.1357 R180
80 167.635 54.035 194.2387 361.2786 MY
81 167.635 54.035 563.3620 710.4493 R180
82 167.635 54.035 194.2387 244.0570 R0
83 167.635 54.035 563.3620 590.7337 R180
84 117.835 65.555 34.6178 2956.0686 R180
85 117.835 65.555 34.6178 3073.2902 R180
86 117.835 65.555 219.1794 2252.7391 MY
87 117.835 65.555 1201.8456 2786.4714 MY
88 117.835 65.555 403.7411 2015.8018 MY
89 117.835 65.555 525.9509 2015.8018 R0
90 117.835 65.555 588.3028 2192.8812 MY
91 117.835 65.555 219.1794 1651.6666 R180
92 117.835 65.555 219.1794 711.3997 MY
93 117.835 65.555 219.1794 474.4625 MY
94 117.835 65.555 219.1794 584.2018 R180
95 117.835 65.555 34.6178 526.8381 R180
96 117.835 65.555 403.7411 526.8381 R180
97 117.835 65.555 403.7411 407.1224 R180
98 117.835 65.555 588.3028 831.1154 MY
99 117.835 65.555 34.6178 52.9635 R180
100 114.515 65.555 2433.9194 2666.7558 R0
101 114.515 65.555 1695.6728 2903.6930 MY
102 114.515 65.555 2004.9383 2903.6930 MY
103 114.515 65.555 2249.3578 2726.6136 MY
104 114.515 65.555 1204.3397 2896.2108 R180
105 114.515 65.555 1388.9014 2726.6136 MY
106 114.515 65.555 1820.3766 2903.6930 R0
107 114.515 65.555 1266.6916 2666.7558 MY
108 114.515 65.555 34.6178 1000.7126 R180
109 114.515 65.555 34.6178 1482.0694 MY
110 114.515 65.555 588.3028 1422.2116 MY
111 114.515 65.555 219.1794 1177.7921 MX
112 114.515 65.555 159.3216 60.4457 MY
113 114.515 65.555 403.7411 644.0597 R180
114 114.515 65.555 588.3028 948.3370 MY
115 114.515 65.555 403.7411 1117.9342 R180
116 64.52 92.9 2705.7738 3068.3919 MY
117 64.52 92.9 1229.2805 45.5711 MY