0 294.835 165.165 2588.5522 2656.9325 R0
1 294.835 165.165 2885.3473 2656.9325 R0
2 294.835 165.165 2588.5522 2482.3472 MX
3 294.835 165.165 2885.3473 2482.3472 MX
4 294.835 165.165 2588.5522 3018.5736 R0
5 294.835 165.165 2885.3473 3018.5736 R0
6 294.835 165.165 2588.5522 2841.4942 MX
7 294.835 165.165 2885.3473 2841.4942 MX
8 161.715 302.255 2411.4728 2574.7122 MX
9 161.715 302.255 2234.3933 2574.7122 MX
10 161.715 302.255 2411.4728 2886.4718 R0
11 161.715 302.255 2234.3933 2886.4718 R0
12 117.835 65.555 1935.1041 2961.0568 MX
13 117.835 65.555 2057.3139 2961.0568 MX
14 117.835 65.555 1935.1041 3080.7725 R0
15 117.835 65.555 2057.3139 3080.7725 R0
16 294.835 165.165 2583.5640 2120.7061 MX
17 294.835 165.165 2882.8532 2120.7061 MX
18 294.835 165.165 2583.5640 2305.2677 R0
19 294.835 165.165 2882.8532 2305.2677 R0
20 114.515 65.555 2326.6741 2345.0199 MX
21 114.515 65.555 2443.8957 2345.0199 MX
22 114.515 65.555 2326.6741 2474.7119 R0
23 114.515 65.555 2443.8957 2474.7119 R0
24 167.635 54.035 2394.0142 2124.5908 MX
25 167.635 54.035 2394.0142 2244.3064 R0
26 294.835 165.165 311.4603 2834.0120 R180
27 294.835 165.165 311.4603 2489.8294 MX
28 294.835 165.165 14.6652 3018.5736 MY
29 294.835 165.165 14.6652 2666.9088 R0
30 294.835 165.165 14.6652 2836.5060 R180
31 294.835 165.165 14.6652 2489.8294 MX
32 294.835 165.165 311.4603 3018.5736 MY
33 294.835 165.165 311.4603 2666.9088 R0
34 161.715 302.255 17.1592 1853.9241 MX
35 161.715 302.255 181.7683 1853.9241 MX
36 161.715 302.255 17.1592 2163.1896 R0
37 161.715 302.255 181.7683 2163.1896 R0
38 117.835 65.555 361.3418 2292.6443 R180
39 117.835 65.555 483.5516 2292.6443 MX
40 117.835 65.555 361.3418 2392.4073 MY
41 117.835 65.555 483.5516 2392.4073 R0
42 294.835 165.165 630.7021 2834.0120 R180
43 294.835 165.165 927.4972 2834.0120 MX
44 294.835 165.165 630.7021 3018.5736 MY
45 294.835 165.165 927.4972 3018.5736 R0
46 114.515 65.555 1241.7508 2951.0805 MX
47 114.515 65.555 1241.7508 3083.2665 R0
48 114.515 65.555 1358.9724 2951.0805 MX
49 114.515 65.555 1358.9724 3083.2665 R0
50 167.635 54.035 820.2519 2748.1099 R0
51 167.635 54.035 633.1962 2750.6040 R0
52 294.835 165.165 326.4247 379.8406 MX
53 294.835 165.165 27.1356 379.8406 R180
54 294.835 165.165 27.1356 200.2671 MY
55 294.835 165.165 326.4247 200.2671 R0
56 294.835 165.165 27.1356 18.1995 R180
57 294.835 165.165 326.4247 18.1995 MX
58 294.835 165.165 27.1356 564.4023 MY
59 294.835 165.165 326.4247 564.4023 R0
60 161.715 302.255 640.6784 20.7778 R180
61 161.715 302.255 1189.3752 20.7778 R180
62 161.715 302.255 827.7341 20.7778 R180
63 161.715 302.255 1009.8017 20.7778 R180
64 117.835 65.555 1391.3954 322.3238 MX
65 117.835 65.555 1391.3954 65.4339 MX
66 117.835 65.555 1391.3954 447.0276 R0
67 117.835 65.555 1391.3954 200.1140 R0
68 294.835 165.165 326.4247 736.4936 MX
69 294.835 165.165 27.1356 736.4936 R180
70 294.835 165.165 326.4247 918.5612 R0
71 294.835 165.165 27.1356 918.5612 MY
72 114.515 65.555 144.3572 1137.8868 R180
73 114.515 65.555 27.1356 1137.8868 MX
74 114.515 65.555 144.3572 1247.6262 MY
75 114.515 65.555 27.1356 1247.6262 R0
76 167.635 54.035 660.6310 356.2905 R180
77 167.635 54.035 660.6310 473.5121 MY
78 294.835 165.165 2877.8651 382.3347 MX
79 294.835 165.165 2877.8651 564.4023 R0
80 294.835 165.165 2581.0700 382.3347 R180
81 294.835 165.165 2581.0700 564.4023 MY
82 294.835 165.165 2882.8532 20.6936 MX
83 294.835 165.165 2882.8532 202.7612 R0
84 294.835 165.165 2583.5640 20.6936 R180
85 294.835 165.165 2583.5640 202.7612 MY
86 161.715 302.255 2067.2902 15.7896 R180
87 161.715 302.255 1882.7285 15.7896 R180
88 161.715 302.255 2067.2902 325.0551 MY
89 161.715 302.255 1882.7285 325.0551 MY
90 117.835 65.555 1700.6609 197.6200 R0
91 117.835 65.555 1580.9453 197.6200 R0
92 117.835 65.555 1580.9453 62.9398 MX
93 117.835 65.555 1700.6609 62.9398 MX
94 294.835 165.165 2256.8400 372.3584 R180
95 294.835 165.165 2256.8400 556.9200 MY
96 294.835 165.165 2256.8400 20.6936 R180
97 294.835 165.165 2256.8400 205.2553 MY
98 114.515 65.555 2109.6895 671.4945 R180
99 114.515 65.555 1989.9738 671.4945 R180
100 114.515 65.555 2109.6895 806.1746 MY
101 114.515 65.555 1989.9738 806.1746 MY
102 167.635 54.035 2301.7334 770.3072 R180
103 167.635 54.035 2301.7334 877.5525 MY
104 64.52 92.9 3052.4504 1751.5195 MX
105 239.24 92.9 2937.7229 1893.6819 MX
106 239.24 92.9 2937.7229 2003.4212 R0
107 64.52 92.9 3042.4741 1060.6603 R0
108 239.24 92.9 2927.7466 783.8178 MX
109 239.24 92.9 2927.7466 916.0039 R0
110 245.48 41.39 2601.0226 1885.3340 MX
111 245.48 41.39 2601.0226 1945.1919 R0
112 245.48 41.39 2601.0226 2005.0497 MX
113 245.48 41.39 2601.0226 2069.8957 R0
114 245.48 41.39 2615.9870 790.4344 MX
115 245.48 41.39 2615.9870 850.2923 R0
116 245.48 41.39 2613.4930 912.6442 MX
117 245.48 41.39 2613.4930 989.9605 R0