0 161.715 302.255 508.4923 2125.7784 R0
1 161.715 302.255 313.9544 2153.2133 R180
2 161.715 302.255 603.2672 2896.4481 R0
3 161.715 302.255 333.9070 1838.9596 MX
4 117.835 65.555 613.2435 2569.4868 R0
5 117.835 65.555 501.0101 2040.7425 R180
6 117.835 65.555 323.9307 1758.9119 R0
7 117.835 65.555 610.7495 2664.2617 R180
8 161.715 302.255 2221.9229 2564.7359 R180
9 161.715 302.255 2271.8045 2896.4481 MY
10 161.715 302.255 2406.4846 2567.2300 R180
11 161.715 302.255 2436.4135 2896.4481 R0
12 117.835 65.555 2451.3780 2497.1586 MY
13 117.835 65.555 2304.2275 2412.3600 MX
14 117.835 65.555 2139.6184 2497.1586 R0
15 117.835 65.555 2436.4135 2404.8777 R180
16 161.715 302.255 2411.4728 325.0551 MX
17 161.715 302.255 2271.8045 10.8015 R0
18 161.715 302.255 2436.4135 0.8252 MX
19 161.715 302.255 2104.7013 10.8015 MY
20 117.835 65.555 2773.1139 1068.0527 R0
21 117.835 65.555 2289.2630 314.8416 MX
22 117.835 65.555 2775.6079 1145.3691 MY
23 117.835 65.555 2289.2630 392.1579 MX
24 161.715 302.255 812.7697 439.7827 R0
25 161.715 302.255 817.7578 108.0705 R180
26 161.715 302.255 630.7021 327.5492 MY
27 161.715 302.255 603.2672 0.8252 MX
28 117.835 65.555 560.8679 758.7872 MY
29 117.835 65.555 623.2199 636.5774 MX
30 117.835 65.555 568.3502 838.5976 MY
31 117.835 65.555 720.4888 761.2813 MX
32 294.835 165.165 2.1948 906.0908 MX
33 294.835 165.165 2.1948 1093.1465 MY
34 294.835 165.165 2.1948 719.0350 MX
35 294.835 165.165 2.1948 1270.2259 R0
36 114.515 65.555 306.4721 1090.4994 MY
37 114.515 65.555 303.9781 1160.3335 R180
38 114.515 65.555 308.9662 1247.6262 R0
39 114.515 65.555 423.6937 1085.5112 MX
40 294.835 165.165 2.1948 2310.2559 MY
41 294.835 165.165 2.1948 1938.6385 MX
42 294.835 165.165 2.1948 2133.1764 R0
43 294.835 165.165 2.1948 1761.5590 MX
44 114.515 65.555 498.5160 1973.4025 R0
45 114.515 65.555 498.5160 1886.1098 MX
46 114.515 65.555 458.6108 1763.9000 R0
47 114.515 65.555 610.7495 2484.6882 R180
48 294.835 165.165 298.9899 556.9200 MY
49 294.835 165.165 298.9899 180.3145 MX
50 294.835 165.165 303.9781 369.8643 MY
51 294.835 165.165 2.1948 544.4497 MY
52 294.835 165.165 298.9899 0.7410 R180
53 294.835 165.165 2.1948 180.3145 R180
54 294.835 165.165 2.1948 367.3702 MY
55 294.835 165.165 2.1948 0.7410 MX
56 294.835 165.165 2606.0107 551.9319 R0
57 294.835 165.165 2606.0107 180.3145 MX
58 294.835 165.165 2601.0226 367.3702 R0
59 294.835 165.165 2902.8058 544.4497 R0
60 294.835 165.165 2606.0107 0.7410 R180
61 294.835 165.165 2902.8058 180.3145 MX
62 294.835 165.165 2902.8058 367.3702 MY
63 294.835 165.165 2902.8058 0.7410 R180
64 294.835 165.165 2902.8058 2312.7500 R0
65 294.835 165.165 2900.3118 2125.6942 R180
66 294.835 165.165 2598.5285 2292.7973 R0
67 294.835 165.165 2902.8058 1818.9228 R180
68 114.515 65.555 2628.4574 2215.3279 R0
69 114.515 65.555 2870.3828 2028.2722 MX
70 114.515 65.555 2780.5961 2215.3279 R0
71 114.515 65.555 2780.5961 2128.0352 R180
72 294.835 165.165 2902.8058 711.5528 MX
73 294.835 165.165 2902.8058 898.6085 R0
74 294.835 165.165 2598.5285 719.0350 MX
75 294.835 165.165 2902.8058 1075.6880 R0
76 114.515 65.555 3084.8734 1394.7767 R0
77 114.515 65.555 2478.8128 736.3405 R180
78 114.515 65.555 2780.5961 908.4318 R0
79 114.515 65.555 2663.3745 900.9496 MX
80 294.835 165.165 2586.0581 2489.8294 MX
81 294.835 165.165 2606.0107 2853.9646 MY
82 294.835 165.165 2601.0226 2666.9088 MX
83 294.835 165.165 2902.8058 2489.8294 R180
84 294.835 165.165 2606.0107 3033.5381 MY
85 294.835 165.165 2902.8058 2853.9646 MY
86 294.835 165.165 2902.8058 2666.9088 R180
87 294.835 165.165 2902.8058 3033.5381 MY
88 294.835 165.165 308.9662 2467.3827 R180
89 294.835 165.165 298.9899 2853.9646 MY
90 294.835 165.165 311.4603 2666.9088 R180
91 294.835 165.165 2.1948 2489.8294 R180
92 294.835 165.165 298.9899 3033.5381 MY
93 294.835 165.165 2.1948 2853.9646 R0
94 294.835 165.165 2.1948 2666.9088 R180
95 294.835 165.165 2.1948 3033.5381 MY
96 239.24 92.9 1266.6916 127.8757 MY
97 239.24 92.9 1009.8017 0.6778 R180
98 64.52 92.9 1251.7271 10.6541 R0
99 239.24 92.9 982.3669 117.8994 MY
100 239.24 92.9 767.8763 0.6778 MX
101 64.52 92.9 982.3669 222.6506 R0
102 245.48 41.39 2952.6874 1244.3564 MX
103 245.48 41.39 2650.9041 989.9605 MY
104 245.48 41.39 298.9899 725.5884 MX
105 245.48 41.39 298.9899 860.2686 MY
106 245.48 41.39 298.9899 780.4581 R180
107 245.48 41.39 510.9864 925.1146 R0
108 245.48 41.39 2331.6623 640.7898 R180
109 245.48 41.39 2039.8553 326.5362 R0
110 167.635 54.03499999999998 2281.7808 2508.6786 R0
111 167.635 54.03499999999998 3030.0037 1306.5336 R0
112 167.635 54.03499999999998 3027.5097 2059.7448 MX
113 167.635 54.03499999999998 615.7376 2827.9204 R0
114 167.635 54.03499999999998 610.7495 2745.6158 R180
115 167.635 54.03499999999998 2912.7821 1373.8737 MY
116 167.635 54.03499999999998 303.9781 902.4932 R180
117 167.635 54.03499999999998 298.9899 982.3037 MY