0 161.715 302.255 166.8038 2223.0474 R180
1 161.715 302.255 331.4129 851.3053 MY
2 161.715 302.255 166.8038 529.5694 R180
3 161.715 302.255 166.8038 851.3053 MY
4 161.715 302.255 2.1948 948.5743 MY
5 161.715 302.255 331.4129 539.5457 MY
6 294.835 165.165 2606.0107 2671.8970 MX
7 294.835 165.165 2306.7215 3033.5381 R0
8 294.835 165.165 2606.0107 2856.4586 R0
9 294.835 165.165 1710.6372 3033.5381 MY
10 294.835 165.165 598.2791 2856.4586 MY
11 294.835 165.165 2271.8045 2856.4586 R0
12 294.835 165.165 2009.9264 3033.5381 MY
13 294.835 165.165 2902.8058 2671.8970 MX
14 294.835 165.165 2902.8058 2856.4586 R0
15 294.835 165.165 2606.0107 3033.5381 R0
16 294.835 165.165 2902.8058 3026.0559 MX
17 294.835 165.165 2606.0107 2494.8175 MX
18 294.835 165.165 2.1948 2856.4586 MY
19 294.835 165.165 298.9899 2856.4586 MY
20 294.835 165.165 298.9899 3033.5381 MY
21 294.835 165.165 2.1948 3033.5381 MY
22 294.835 165.165 1194.3634 3033.5381 R0
23 294.835 165.165 2902.8058 2504.7938 R0
24 294.835 165.165 2009.9264 0.7410 MX
25 294.835 165.165 2606.0107 354.8998 MX
26 294.835 165.165 1059.6833 177.8204 R180
27 294.835 165.165 1710.6372 0.7410 MX
28 294.835 165.165 1059.6833 0.7410 R180
29 294.835 165.165 2306.7215 0.7410 MX
30 294.835 165.165 2306.7215 177.8204 MX
31 294.835 165.165 166.8038 0.7410 R180
32 294.835 165.165 2902.8058 185.3026 MY
33 294.835 165.165 2606.0107 177.8204 R180
34 294.835 165.165 2009.9264 177.8204 MX
35 294.835 165.165 2902.8058 354.8998 MX
36 294.835 165.165 2902.8058 539.4615 R0
37 294.835 165.165 2306.7215 354.8998 MX
38 294.835 165.165 2606.0107 531.9793 MX
39 239.24 92.9 2960.1696 2345.1097 MY
40 245.48 41.39 2356.6031 2695.9089 R0
41 245.48 41.39 2109.6895 2693.4148 R0
42 245.48 41.39 2952.6874 2451.4894 R0
43 167.635 54.03499999999998 658.1369 2391.4570 MY
44 167.635 54.03499999999998 331.4129 1865.2068 R180
45 167.635 54.03499999999998 501.0101 1865.2068 R180
46 167.635 54.03499999999998 496.0219 625.6507 MY
47 167.635 54.03499999999998 615.7376 737.8842 R180
48 167.635 54.03499999999998 618.2317 538.3581 R0
49 167.635 54.03499999999998 665.6192 595.7218 R180
50 117.835 65.555 331.4129 1938.4854 MY
51 117.835 65.555 932.4853 2878.7523 MY
52 117.835 65.555 2.1948 1841.2164 MY
53 117.835 65.555 451.1286 1938.4854 R0
54 117.835 65.555 660.6310 2315.0910 MY
55 117.835 65.555 166.8038 1242.6380 MY
56 117.835 65.555 496.0219 776.2457 MY
57 117.835 65.555 166.8038 1157.8394 R180
58 117.835 65.555 496.0219 853.5621 R180
59 117.835 65.555 665.6192 661.5182 R180
60 117.835 65.555 496.0219 1015.6771 MY
61 114.515 65.555 2488.7891 2619.3683 R0
62 114.515 65.555 1917.6456 2956.0686 MY
63 114.515 65.555 2154.5829 2956.0686 MY
64 114.515 65.555 2488.7891 2542.0519 MY
65 114.515 65.555 895.0742 2948.5864 R180
66 114.515 65.555 1129.5174 2956.0686 MY
67 114.515 65.555 2037.3613 2956.0686 R0
68 114.515 65.555 1012.2958 2956.0686 MY
69 114.515 65.555 2.1948 1417.2234 MY
70 114.515 65.555 2.1948 1339.9070 MY
71 114.515 65.555 403.7411 1157.8394 MX
72 114.515 65.555 496.0219 930.8785 R180
73 114.515 65.555 286.5195 1165.3217 MY
74 114.515 65.555 615.7376 803.6806 R180
75 64.52 92.9 2289.2630 2751.6442 MY
76 161.715 302.255 2.1948 2544.7833 MY
77 161.715 302.255 2.1948 2230.5296 MY
78 161.715 302.255 2.1948 1908.7938 R180
79 161.715 302.255 2.1948 636.8147 MY
80 161.715 302.255 2.1948 315.0788 R180
81 114.515 65.555 2.1948 1255.1084 R180
82 117.835 65.555 496.0219 681.4708 R180
83 161.715 302.255 2.1948 8.3074 MY
84 294.835 165.165 166.8038 185.3026 R0
85 294.835 165.165 463.5990 185.3026 MY
86 294.835 165.165 166.8038 354.8998 R180
87 294.835 165.165 463.5990 354.8998 R180
88 294.835 165.165 762.8881 177.8204 R180
89 294.835 165.165 762.8881 0.7410 R180
90 294.835 165.165 463.5990 0.7410 R180
91 239.24 92.9 2364.0853 531.9161 MX
92 239.24 92.9 2960.1696 706.5014 MX
93 245.48 41.39 2952.6874 812.8811 MX
94 294.835 165.165 2902.8058 0.7410 R180
95 294.835 165.165 2606.0107 0.7410 MX
96 294.835 165.165 598.2791 3033.5381 R0
97 294.835 165.165 895.0742 3033.5381 MY
98 161.715 302.255 166.8038 2544.7833 MY
99 294.835 165.165 331.4129 2504.7938 MY
100 294.835 165.165 331.4129 2671.8970 R180
101 294.835 165.165 628.2080 2671.8970 MX
102 294.835 165.165 361.3418 2320.2322 R180
103 161.715 302.255 166.8038 1908.7938 R180
104 161.715 302.255 331.4129 2006.0627 R180
105 117.835 65.555 2.1948 1756.4178 R180
106 161.715 302.255 496.0219 2006.0627 R180
107 117.835 65.555 496.0219 534.3203 R180
108 114.515 65.555 762.8881 354.7468 R180
109 64.52 92.9 1358.9724 0.6778 R180
110 245.48 41.39 2952.6874 920.1264 MX
111 245.48 41.39 2952.6874 867.7508 MX
112 239.24 92.9 2960.1696 2232.8763 R180
113 245.48 41.39 2356.6031 2803.1542 R0
114 245.48 41.39 2356.6031 2748.2845 R0
115 117.835 65.555 628.2080 2604.4038 MY
116 117.835 65.555 628.2080 2522.0993 MY
117 167.635 54.03499999999998 658.1369 2458.7970 MY