0 452.535 159.645 2442.3120 987.2686 MY
1 452.535 159.645 2442.3120 1387.1002 R0
2 452.535 159.645 2442.3120 1161.2304 MY
3 452.535 159.645 2442.3120 604.2719 MX
4 452.535 159.645 2442.3120 778.2338 R180
5 452.535 159.645 2442.3120 1561.0621 R0
6 452.535 159.645 2442.3120 329.3000 R180
7 452.535 159.645 2107.0146 78.1777 R180
8 133.815 159.645 2266.9473 1412.3528 MY
9 133.815 159.645 2296.4085 1186.4829 MY
10 133.815 159.645 2296.4085 403.6547 R180
11 133.815 159.645 2906.6779 828.7388 R180
12 103.935 92.00500000000001 603.0864 1270.9580 R0
13 103.935 92.00500000000001 1885.3535 37.7930 R180
14 103.935 92.00500000000001 2311.8406 695.7616 MY
15 103.935 92.00500000000001 1763.2997 12.5405 R180
16 103.935 92.00500000000001 1579.5174 12.5405 R180
17 103.935 92.00500000000001 1641.2458 137.4002 R180
18 103.935 92.00500000000001 1823.6251 162.6527 R180
19 103.935 92.00500000000001 1976.5432 162.6527 R180
20 147.095 294.925 2899.6633 411.4723 MX
21 147.095 294.925 2899.6633 85.9953 R180
22 147.095 294.925 2899.6633 1018.9358 R0
23 147.095 294.925 2748.1481 11.6407 R180
24 133.815 294.925 2602.2447 11.6407 R180
25 133.815 294.925 1290.5163 11.6407 R180
26 133.815 294.925 1443.4343 11.6407 R180
27 133.815 294.925 1137.5982 11.6407 R180
28 236.735 50.635 2337.0932 7.6142 MX
29 236.735 50.635 2306.2290 265.7511 R0
30 103.935 92.00500000000001 2189.7868 361.8671 R180
31 103.935 92.00500000000001 482.4355 1195.2004 R0
32 103.935 62.15500000000001 2189.7868 3.1087 R180
33 103.935 62.15500000000001 2007.4074 3.1087 R180
34 103.935 62.15500000000001 2616.2738 510.9651 R0
35 103.935 62.15500000000001 2433.8945 510.9651 R0
36 67.415 62.15500000000001 1688.9450 3.1087 R180
37 147.095 294.925 459.9888 794.4689 MY
38 147.095 294.925 795.2862 35.4903 R180
39 147.095 294.925 459.9888 386.2198 R180
40 147.095 294.925 307.0707 35.4903 R180
41 133.815 294.925 649.3827 35.4903 R180
42 133.815 294.925 497.8676 35.4903 R180
43 133.815 294.925 314.0853 418.4869 R0
44 133.815 294.925 955.2189 11.6407 R180
45 236.735 50.635 537.1493 1390.8914 R0
46 236.735 50.635 506.2851 1466.6490 R0
47 103.935 92.00500000000001 664.8148 437.6246 MX
48 103.935 92.00500000000001 695.6790 670.5090 R0
49 103.935 62.15500000000001 664.8148 560.0672 R0
50 103.935 62.15500000000001 664.8148 785.9370 R0
51 103.935 62.15500000000001 664.8148 352.4353 R180
52 103.935 62.15500000000001 573.6251 710.1795 R0
53 67.415 62.15500000000001 774.2424 510.9651 R0
54 147.095 294.925 307.0707 735.5464 R180
55 147.095 294.925 155.5556 760.7989 R180
56 147.095 294.925 2.6375 811.3040 R180
57 147.095 294.925 307.0707 1094.6934 R0
58 133.815 294.925 9.6521 411.4723 R180
59 133.815 294.925 161.1672 35.4903 R180
60 133.815 294.925 161.1672 360.9673 R180
61 133.815 294.925 771.4366 1494.5251 MY
62 236.735 50.635 415.0954 1640.6108 R0
63 236.735 50.635 415.0954 1741.6209 R0
64 103.935 92.00500000000001 603.0864 1112.4282 MX
65 103.935 92.00500000000001 633.9506 987.5685 MX
66 103.935 62.15500000000001 633.9506 851.8742 R180
67 103.935 62.15500000000001 482.4355 1110.0111 R0
68 103.935 62.15500000000001 786.8687 1384.9830 R0
69 103.935 62.15500000000001 482.4355 1310.6284 R0
70 67.415 62.15500000000001 622.7273 627.4073 R180
71 147.095 294.925 155.5556 1143.7955 R0
72 147.095 294.925 2.6375 1494.5251 R0
73 147.095 294.925 2.6375 1143.7955 R0
74 147.095 294.925 2.6375 85.9953 MX
75 133.815 294.925 192.0314 1486.1075 R180
76 133.815 294.925 924.3547 1486.1075 R180
77 133.815 294.925 2114.0292 1486.1075 R180
78 133.815 294.925 1778.7318 1486.1075 R180
79 236.735 50.635 384.2312 1557.8386 R180
80 236.735 50.635 1085.6902 1741.6209 MY
81 103.935 92.00500000000001 664.8148 1620.2846 R0
82 103.935 92.00500000000001 360.3816 1421.0702 R0
83 103.935 62.15500000000001 1945.6790 1652.9404 R180
84 103.935 62.15500000000001 2311.8406 1627.6879 MX
85 103.935 62.15500000000001 2311.8406 1735.7126 R0
86 103.935 62.15500000000001 2007.4074 1735.7126 R0
87 67.415 62.15500000000001 2940.3479 1627.6879 R180
88 100.61500000000001 62.15500000000001 2191.1897 252.8282 R180
89 100.61500000000001 62.15500000000001 2770.5948 527.8001 R180
90 100.61500000000001 62.15500000000001 2435.2974 1735.7126 R0
91 100.61500000000001 62.15500000000001 2313.2435 327.1828 R180
92 100.61500000000001 62.15500000000001 2619.0797 1735.7126 R0
93 100.61500000000001 62.15500000000001 2923.5129 3.1087 MX
94 100.61500000000001 62.15500000000001 2923.5129 752.2670 MX
95 100.61500000000001 62.15500000000001 788.2716 352.4353 R180
96 100.61500000000001 62.15500000000001 2313.2435 602.1548 R180
97 100.61500000000001 62.15500000000001 2923.5129 1710.4600 R0
98 100.61500000000001 62.15500000000001 2741.1336 1735.7126 R0
99 100.61500000000001 62.15500000000001 2923.5129 1335.8809 R0
100 100.61500000000001 62.15500000000001 178.0022 677.9123 R180
101 100.61500000000001 62.15500000000001 788.2716 426.7900 R180
102 100.61500000000001 62.15500000000001 635.3535 1535.0953 R0
103 100.61500000000001 62.15500000000001 26.4871 727.0145 R180