0 452.535 159.645 2107.0146 1361.8477 R0
1 452.535 159.645 2442.3120 853.9914 MX
2 452.535 159.645 2320.2581 1161.2304 R0
3 452.535 159.645 2411.4478 454.1597 MX
4 452.535 159.645 2595.2301 1361.8477 R0
5 452.535 159.645 2107.0146 1561.0621 R0
6 452.535 159.645 2595.2301 1561.0621 R0
7 452.535 159.645 2411.4478 653.3741 MX
8 133.815 159.645 2266.9473 428.9072 MX
9 133.815 159.645 1625.8137 54.3281 R180
10 133.815 159.645 2266.9473 604.2719 MX
11 133.815 159.645 1503.7598 1611.5671 R0
12 103.935 92.00500000000001 2464.7587 1038.0736 R180
13 103.935 92.00500000000001 1641.2458 1696.0421 R0
14 103.935 92.00500000000001 1823.6251 1696.0421 R0
15 103.935 92.00500000000001 1976.5432 1595.0320 R0
16 103.935 92.00500000000001 2129.4613 462.8772 R180
17 103.935 92.00500000000001 2586.8126 1038.0736 R180
18 103.935 92.00500000000001 2280.9764 786.9512 R180
19 103.935 92.00500000000001 2311.8406 911.8109 R180
20 147.095 294.925 2412.8507 136.5004 R180
21 147.095 294.925 2564.3659 85.9953 R180
22 147.095 294.925 2259.9327 85.9953 R180
23 147.095 294.925 2076.1504 136.5004 R180
24 133.815 294.925 2753.7598 136.5004 R180
25 133.815 294.925 2906.6779 85.9953 R180
26 133.815 294.925 1930.2469 136.5004 R180
27 133.815 294.925 2906.6779 436.7248 R180
28 236.735 50.635 2703.2548 1066.8173 R0
29 236.735 50.635 2794.4444 1215.5266 R0
30 103.935 92.00500000000001 2922.1100 945.4810 R0
31 103.935 92.00500000000001 2922.1100 795.3687 R0
32 103.935 62.15500000000001 2922.1100 1135.2636 R0
33 103.935 62.15500000000001 2800.0561 1135.2636 R0
34 103.935 62.15500000000001 2922.1100 1285.3759 R0
35 103.935 62.15500000000001 2922.1100 1735.7126 R0
36 67.415 62.15500000000001 2971.2121 1060.9090 R0
37 147.095 294.925 1771.7172 11.6407 R180
38 147.095 294.925 704.0965 369.3848 R0
39 147.095 294.925 826.1504 11.6407 R180
40 147.095 294.925 673.2323 11.6407 MX
41 133.815 294.925 497.8676 11.6407 R180
42 133.815 294.925 527.3288 418.4869 R0
43 133.815 294.925 1015.5443 11.6407 R180
44 133.815 294.925 1168.4624 11.6407 R180
45 236.735 50.635 2550.3367 7.6142 MX
46 236.735 50.635 2306.2290 7.6142 R180
47 103.935 92.00500000000001 1519.1919 37.7930 R180
48 103.935 92.00500000000001 2007.4074 12.5405 R180
49 103.935 62.15500000000001 2129.4613 52.2109 R180
50 103.935 62.15500000000001 2800.0561 3.1087 R180
51 103.935 62.15500000000001 1519.1919 151.8181 R180
52 103.935 62.15500000000001 1000.1122 386.1054 R0
53 67.415 62.15500000000001 1933.0527 52.2109 R180
54 147.095 294.925 368.7991 436.7248 R180
55 147.095 294.925 337.9349 11.6407 R180
56 147.095 294.925 2.6375 11.6407 R180
57 147.095 294.925 185.0168 35.4903 R180
58 133.815 294.925 192.0314 436.7248 R180
59 133.815 294.925 344.9495 794.4689 R0
60 133.815 294.925 40.5163 411.4723 R180
61 133.815 294.925 497.8676 794.4689 R0
62 236.735 50.635 476.8238 1515.7511 MY
63 236.735 50.635 445.9596 1591.5087 MY
64 103.935 92.00500000000001 664.8148 795.3687 R0
65 103.935 92.00500000000001 878.0584 338.0174 R180
66 103.935 62.15500000000001 329.5174 352.4353 R180
67 103.935 62.15500000000001 176.5993 352.4353 R180
68 103.935 62.15500000000001 573.6251 327.1828 R180
69 103.935 62.15500000000001 451.5713 327.1828 R180
70 67.415 62.15500000000001 12.4579 327.1828 R180
71 147.095 294.925 155.5556 786.0514 R180
72 147.095 294.925 307.0707 1143.7955 R0
73 147.095 294.925 490.8530 1118.5430 R0
74 147.095 294.925 2.6375 760.7989 R180
75 133.815 294.925 161.1672 1160.6306 R180
76 133.815 294.925 9.6521 1111.5284 R180
77 133.815 294.925 9.6521 1494.5251 R0
78 133.815 294.925 161.1672 1494.5251 R0
79 236.735 50.635 354.7699 1741.6209 R0
80 236.735 50.635 598.8777 1716.3684 R0
81 103.935 92.00500000000001 1335.4097 1696.0421 R0
82 103.935 92.00500000000001 1030.9764 1645.5371 R0
83 103.935 62.15500000000001 1153.0303 1735.7126 MY
84 103.935 62.15500000000001 908.9226 1610.8529 MY
85 103.935 62.15500000000001 1153.0303 1659.9550 MY
86 103.935 62.15500000000001 847.1942 1710.4600 R0
87 67.415 62.15500000000001 1262.4579 1735.7126 R0
88 100.61500000000001 62.15500000000001 788.2716 1610.8529 R0
89 100.61500000000001 62.15500000000001 910.3255 1528.0807 R180
90 100.61500000000001 62.15500000000001 330.9203 1610.8529 R0
91 100.61500000000001 62.15500000000001 788.2716 1528.0807 R180
92 100.61500000000001 62.15500000000001 1947.0819 1735.7126 R0
93 100.61500000000001 62.15500000000001 2770.5948 1735.7126 R0
94 100.61500000000001 62.15500000000001 666.2177 1401.8181 R180
95 100.61500000000001 62.15500000000001 2130.8642 1735.7126 R0
96 100.61500000000001 62.15500000000001 2619.0797 1735.7126 R0
97 100.61500000000001 62.15500000000001 2282.3793 1735.7126 R0
98 100.61500000000001 62.15500000000001 666.2177 1202.6037 R180
99 100.61500000000001 62.15500000000001 2435.2974 1735.7126 R0
100 100.61500000000001 62.15500000000001 1398.5410 1602.4353 R180
101 100.61500000000001 62.15500000000001 330.9203 1452.3231 R180
102 100.61500000000001 62.15500000000001 483.8384 1659.9550 R0
103 100.61500000000001 62.15500000000001 330.9203 1528.0807 R180