0 452.535 159.645 1.2346 1119.1429 R180
1 452.535 159.645 457.1829 1119.1429 R180
2 452.535 159.645 1.2346 1297.3135 R0
3 452.535 159.645 457.1829 1297.3135 R0
4 452.535 159.645 1.2346 1460.0520 R180
5 452.535 159.645 457.1829 1460.0520 R180
6 452.535 159.645 1.2346 1638.2226 R0
7 452.535 159.645 457.1829 1638.2226 R0
8 147.095 294.925 2450.7295 307.6564 R180
9 147.095 294.925 2600.8418 307.6564 R180
10 147.095 294.925 2750.9540 307.6564 R180
11 147.095 294.925 2901.0662 307.6564 R180
12 147.095 294.925 2450.7295 1197.1064 R0
13 147.095 294.925 2600.8418 1197.1064 R0
14 147.095 294.925 2750.9540 1197.1064 R0
15 147.095 294.925 2901.0662 1197.1064 R0
16 147.095 294.925 1.2346 307.6564 R180
17 147.095 294.925 151.3468 307.6564 R180
18 147.095 294.925 301.4590 307.6564 R180
19 147.095 294.925 451.5713 307.6564 R180
20 147.095 294.925 2450.7295 1.8202 R180
21 147.095 294.925 2600.8418 1.8202 R180
22 147.095 294.925 2750.9540 1.8202 R180
23 147.095 294.925 2901.0662 1.8202 R180
24 133.815 294.925 1796.9697 1.8202 R180
25 133.815 294.925 1933.0527 1.8202 R180
26 133.815 294.925 2070.5387 1.8202 R180
27 133.815 294.925 2208.0247 1.8202 R180
28 133.815 294.925 2504.0404 1502.9426 R0
29 133.815 294.925 2641.5264 1502.9426 R0
30 133.815 294.925 2777.6094 1502.9426 R0
31 133.815 294.925 2915.0954 1502.9426 R0
32 133.815 294.925 1.2346 1.8202 R180
33 133.815 294.925 138.7205 1.8202 R180
34 133.815 294.925 274.8036 1.8202 R180
35 133.815 294.925 412.2896 1.8202 R180
36 133.815 294.925 903.3109 1.8202 R180
37 133.815 294.925 1039.3939 1.8202 R180
38 133.815 294.925 1176.8799 1.8202 R180
39 133.815 294.925 1312.9630 1.8202 R180
40 133.815 159.645 1.2346 654.7770 R180
41 133.815 159.645 138.7205 654.7770 R180
42 133.815 159.645 1.2346 832.9476 R0
43 133.815 159.645 138.7205 832.9476 R0
44 236.735 50.635 2811.2795 613.6748 R180
45 236.735 50.635 2811.2795 682.4177 R0
46 236.735 50.635 2741.1336 1066.8173 R180
47 236.735 50.635 2741.1336 1135.5603 R0
48 236.735 50.635 1.2346 995.2685 R180
49 236.735 50.635 1.2346 1065.4144 R0
50 236.735 50.635 1557.0707 2.0025 R180
51 236.735 50.635 1557.0707 70.7455 R0
52 103.935 92.00500000000001 913.1313 1595.0320 R180
53 103.935 92.00500000000001 1019.7531 1595.0320 R180
54 103.935 92.00500000000001 1126.3749 1595.0320 R180
55 103.935 92.00500000000001 1232.9966 1595.0320 R180
56 103.935 92.00500000000001 913.1313 1705.8626 R0
57 103.935 92.00500000000001 1019.7531 1705.8626 R0
58 103.935 92.00500000000001 1126.3749 1705.8626 R0
59 103.935 92.00500000000001 1232.9966 1705.8626 R0
60 103.935 92.00500000000001 2344.1077 74.2688 R180
61 103.935 92.00500000000001 2344.1077 185.0994 R0
62 103.935 92.00500000000001 2344.1077 1155.9187 R180
63 103.935 92.00500000000001 2344.1077 1268.1521 R0
64 103.935 92.00500000000001 274.8036 612.9894 R180
65 103.935 92.00500000000001 274.8036 723.8199 R0
66 103.935 92.00500000000001 1450.4489 1.3171 R180
67 103.935 92.00500000000001 1450.4489 112.1476 R0
68 103.935 62.15500000000001 2237.4860 307.5420 R180
69 103.935 62.15500000000001 2344.1077 307.5420 R180
70 103.935 62.15500000000001 2237.4860 388.9112 R0
71 103.935 62.15500000000001 2344.1077 388.9112 R0
72 103.935 62.15500000000001 2290.7969 1508.4398 R180
73 103.935 62.15500000000001 2397.4186 1508.4398 R180
74 103.935 62.15500000000001 2290.7969 1589.8091 R0
75 103.935 62.15500000000001 2397.4186 1589.8091 R0
76 103.935 62.15500000000001 548.3726 74.6576 R180
77 103.935 62.15500000000001 656.3973 74.6576 R180
78 103.935 62.15500000000001 548.3726 156.0268 R0
79 103.935 62.15500000000001 656.3973 156.0268 R0
80 103.935 62.15500000000001 2022.8395 307.5420 R180
81 103.935 62.15500000000001 2130.8642 307.5420 R180
82 103.935 62.15500000000001 2022.8395 388.9112 R0
83 103.935 62.15500000000001 2130.8642 388.9112 R0
84 100.61500000000001 62.15500000000001 1882.5477 1655.7462 R180
85 100.61500000000001 62.15500000000001 1986.3636 1655.7462 R180
86 100.61500000000001 62.15500000000001 1882.5477 1735.7126 R0
87 100.61500000000001 62.15500000000001 1986.3636 1735.7126 R0
88 100.61500000000001 62.15500000000001 2296.4085 1655.7462 R180
89 100.61500000000001 62.15500000000001 2400.2245 1655.7462 R180
90 100.61500000000001 62.15500000000001 2296.4085 1735.7126 R0
91 100.61500000000001 62.15500000000001 2400.2245 1735.7126 R0
92 100.61500000000001 62.15500000000001 2244.5006 1362.5364 R180
93 100.61500000000001 62.15500000000001 2346.9136 1362.5364 R180
94 100.61500000000001 62.15500000000001 2244.5006 1443.9056 R0
95 100.61500000000001 62.15500000000001 2346.9136 1443.9056 R0
96 100.61500000000001 62.15500000000001 2090.1796 1655.7462 R180
97 100.61500000000001 62.15500000000001 2193.9955 1655.7462 R180
98 100.61500000000001 62.15500000000001 2090.1796 1735.7126 R0
99 100.61500000000001 62.15500000000001 2193.9955 1735.7126 R0
100 67.415 62.15500000000001 2380.5836 1.7058 R180
101 67.415 62.15500000000001 2981.0325 1124.0403 R0
102 67.415 62.15500000000001 548.3726 1.7058 R180
103 67.415 62.15500000000001 1952.6936 307.5420 R180