0 452.535 159.645 2140.6846 710.8937 MY
1 452.535 159.645 2596.6330 485.0239 R180
2 452.535 159.645 2140.6846 882.0497 MY
3 452.535 159.645 2596.6330 663.1945 MY
4 452.535 159.645 2140.6846 1044.7882 R180
5 452.535 159.645 2596.6330 825.9330 MX
6 452.535 159.645 2321.6611 1222.9588 R0
7 452.535 159.645 2596.6330 997.0890 R180
8 133.815 159.645 2777.6094 1168.2450 R180
9 133.815 159.645 2915.0954 1168.2450 MX
10 133.815 159.645 2777.6094 1346.4156 R0
11 133.815 159.645 2915.0954 1346.4156 MY
12 103.935 92.00500000000001 2209.4276 1595.0320 MX
13 103.935 92.00500000000001 2316.0494 1595.0320 MX
14 103.935 92.00500000000001 2422.6712 1595.0320 R180
15 103.935 92.00500000000001 2530.6958 1595.0320 R180
16 103.935 92.00500000000001 2209.4276 1705.8626 MY
17 103.935 92.00500000000001 2316.0494 1705.8626 R0
18 103.935 92.00500000000001 2422.6712 1705.8626 MY
19 103.935 92.00500000000001 2530.6958 1705.8626 MY
20 147.095 294.925 894.8934 1.8202 MX
21 147.095 294.925 1045.0056 1.8202 R180
22 147.095 294.925 1195.1178 1.8202 MX
23 147.095 294.925 1345.2301 1.8202 MX
24 133.815 294.925 1.2346 307.6564 MX
25 133.815 294.925 138.7205 307.6564 R180
26 133.815 294.925 274.8036 307.6564 MX
27 133.815 294.925 412.2896 307.6564 MX
28 103.935 62.15500000000001 548.3726 198.1144 MX
29 103.935 62.15500000000001 656.3973 227.5756 R180
30 103.935 62.15500000000001 548.3726 279.4836 MY
31 103.935 62.15500000000001 656.3973 308.9449 R0
32 236.735 50.635 548.3726 2.0025 R180
33 236.735 50.635 548.3726 70.7455 R0
34 103.935 92.00500000000001 788.2716 1.3171 R180
35 103.935 92.00500000000001 656.3973 133.1914 R0
36 67.415 62.15500000000001 763.0191 125.1626 MX
37 147.095 294.925 1.2346 1197.1064 R0
38 147.095 294.925 151.3468 1197.1064 R0
39 147.095 294.925 301.4590 1197.1064 MY
40 147.095 294.925 451.5713 1197.1064 MY
41 133.815 294.925 1.2346 1502.9426 R0
42 133.815 294.925 138.7205 1502.9426 R0
43 133.815 294.925 274.8036 1502.9426 MY
44 133.815 294.925 412.2896 1502.9426 MY
45 103.935 62.15500000000001 788.2716 1655.7462 MX
46 103.935 62.15500000000001 894.8934 1655.7462 R180
47 103.935 62.15500000000001 788.2716 1735.7126 R0
48 103.935 62.15500000000001 894.8934 1735.7126 R0
49 236.735 50.635 548.3726 1678.4896 R180
50 236.735 50.635 548.3726 1747.2326 R0
51 103.935 92.00500000000001 601.6835 1349.5214 MX
52 103.935 92.00500000000001 601.6835 1460.3519 R0
53 67.415 62.15500000000001 788.2716 1589.8091 R0
54 147.095 294.925 1.2346 613.4925 R180
55 147.095 294.925 151.3468 613.4925 R180
56 147.095 294.925 301.4590 613.4925 R180
57 147.095 294.925 451.5713 613.4925 MX
58 133.815 294.925 1.2346 1.8202 R180
59 133.815 294.925 138.7205 1.8202 MX
60 133.815 294.925 274.8036 1.8202 R180
61 133.815 294.925 412.2896 1.8202 R180
62 103.935 62.15500000000001 548.3726 344.0178 MX
63 103.935 62.15500000000001 656.3973 373.4791 MX
64 103.935 62.15500000000001 548.3726 425.3871 R0
65 103.935 62.15500000000001 656.3973 454.8484 MY
66 236.735 50.635 548.3726 1555.0328 R180
67 236.735 50.635 548.3726 1625.1787 MY
68 103.935 92.00500000000001 601.6835 520.3968 R180
69 103.935 92.00500000000001 601.6835 631.2273 MY
70 67.415 62.15500000000001 548.3726 125.1626 MX
71 147.095 294.925 1903.5915 1.8202 MX
72 147.095 294.925 2053.7037 1.8202 MX
73 147.095 294.925 2203.8159 1.8202 R180
74 147.095 294.925 2353.9282 1.8202 R180
75 133.815 294.925 2504.0404 1.8202 MX
76 133.815 294.925 2641.5264 1.8202 R180
77 133.815 294.925 2777.6094 1.8202 MX
78 133.815 294.925 2915.0954 1.8202 R180
79 103.935 62.15500000000001 2837.9349 307.5420 R180
80 103.935 62.15500000000001 2944.5567 307.5420 R180
81 103.935 62.15500000000001 2837.9349 388.9112 MY
82 103.935 62.15500000000001 2944.5567 388.9112 R0
83 236.735 50.635 2537.7104 1385.2797 MX
84 236.735 50.635 2537.7104 1455.4256 R0
85 103.935 92.00500000000001 2659.7643 307.1532 MX
86 103.935 92.00500000000001 2553.1425 307.1532 MX
87 67.415 62.15500000000001 2767.7890 307.5420 R180
88 100.61500000000001 62.15500000000001 2637.3176 1516.8573 R0
89 100.61500000000001 62.15500000000001 2741.1336 1516.8573 MY
90 100.61500000000001 62.15500000000001 2844.9495 1516.8573 R0
91 100.61500000000001 62.15500000000001 2947.3625 1516.8573 R0
92 100.61500000000001 62.15500000000001 2637.3176 1589.8091 MY
93 100.61500000000001 62.15500000000001 2741.1336 1589.8091 R0
94 100.61500000000001 62.15500000000001 2844.9495 1589.8091 R0
95 100.61500000000001 62.15500000000001 2947.3625 1589.8091 MY
96 100.61500000000001 62.15500000000001 2637.3176 1662.7608 MY
97 100.61500000000001 62.15500000000001 2741.1336 1662.7608 R0
98 100.61500000000001 62.15500000000001 2844.9495 1662.7608 R0
99 100.61500000000001 62.15500000000001 2947.3625 1662.7608 MY
100 100.61500000000001 62.15500000000001 2637.3176 1735.7126 R0
101 100.61500000000001 62.15500000000001 2741.1336 1735.7126 R0
102 100.61500000000001 62.15500000000001 2844.9495 1735.7126 R0
103 100.61500000000001 62.15500000000001 2947.3625 1735.7126 R0