0 452.535 159.645 335.1291 712.2966 R0
1 452.535 159.645 335.1291 1611.5671 MY
2 452.535 159.645 335.1291 883.4526 R180
3 452.535 159.645 335.1291 1251.0172 MY
4 452.535 159.645 603.0864 388.2226 MX
5 452.535 159.645 335.1291 1423.5761 MX
6 452.535 159.645 335.1291 1063.0262 R180
7 452.535 159.645 817.7329 1611.5671 R0
8 133.815 159.645 816.3300 1431.9936 MY
9 133.815 159.645 816.3300 1109.3225 R180
10 133.815 159.645 976.2626 1431.9936 MY
11 133.815 159.645 13.8608 1566.6737 MY
12 103.935 92.00500000000001 1794.1639 1690.4305 R0
13 103.935 92.00500000000001 2168.7430 1547.3328 MX
14 103.935 92.00500000000001 2062.1212 1645.5371 MY
15 103.935 92.00500000000001 1687.5421 1645.5371 R0
16 103.935 92.00500000000001 1579.5174 1645.5371 R0
17 103.935 92.00500000000001 1472.8956 1690.4305 MY
18 103.935 92.00500000000001 1366.2738 1645.5371 MY
19 103.935 92.00500000000001 1900.7856 1690.4305 MY
20 147.095 294.925 2896.8575 1176.0627 R180
21 147.095 294.925 2896.8575 1498.7338 MY
22 147.095 294.925 2575.5892 1498.7338 R0
23 147.095 294.925 2735.5219 1498.7338 R0
24 133.815 294.925 2902.4691 860.4061 MX
25 133.815 294.925 2742.5365 1139.5868 R0
26 133.815 294.925 2421.2682 1498.7338 R0
27 133.815 294.925 2742.5365 815.5127 R180
28 236.735 50.635 2422.6712 1396.5030 MY
29 236.735 50.635 2422.6712 1298.2988 R180
30 103.935 92.00500000000001 2222.0539 1690.4305 MY
31 103.935 92.00500000000001 2275.3648 1457.5461 MX
32 103.935 62.15500000000001 2596.6330 1211.0212 MY
33 103.935 62.15500000000001 2490.0112 1112.8169 MX
34 103.935 62.15500000000001 2490.0112 1211.0212 MY
35 103.935 62.15500000000001 2381.9865 1211.0212 MY
36 67.415 62.15500000000001 2668.1818 1300.8080 MY
37 147.095 294.925 166.7789 1498.7338 MY
38 147.095 294.925 6.8462 770.6193 R180
39 147.095 294.925 6.8462 1139.5868 R0
40 147.095 294.925 166.7789 1139.5868 MY
41 133.815 294.925 173.7935 823.9302 MY
42 133.815 294.925 173.7935 411.4723 R180
43 133.815 294.925 13.8608 456.3657 R180
44 133.815 294.925 333.7262 366.5789 MX
45 236.735 50.635 496.4646 578.6018 MX
46 236.735 50.635 764.4220 578.6018 R180
47 103.935 92.00500000000001 1151.6274 1465.9636 MY
48 103.935 92.00500000000001 991.6947 1277.9726 R180
49 103.935 62.15500000000001 885.0730 662.4802 R180
50 103.935 62.15500000000001 991.6947 662.4802 MX
51 103.935 62.15500000000001 830.3591 1300.8080 MY
52 103.935 62.15500000000001 830.3591 940.2580 R0
53 67.415 62.15500000000001 795.2862 662.4802 R180
54 147.095 294.925 1398.5410 6.0290 MX
55 147.095 294.925 2896.8575 328.7001 MY
56 147.095 294.925 2414.2536 6.0290 MX
57 147.095 294.925 2575.5892 6.0290 MX
58 133.815 294.925 2902.4691 6.0290 MX
59 133.815 294.925 2742.5365 328.7001 MY
60 133.815 294.925 2742.5365 6.0290 MX
61 133.815 294.925 2261.3356 6.0290 R180
62 236.735 50.635 2422.6712 397.6254 MX
63 236.735 50.635 2477.3850 495.8296 R0
64 103.935 92.00500000000001 2115.4321 287.5124 R180
65 103.935 92.00500000000001 2275.3648 385.7167 MY
66 103.935 62.15500000000001 2596.6330 572.6935 R180
67 103.935 62.15500000000001 2649.9439 670.8977 MY
68 103.935 62.15500000000001 2756.5657 670.8977 R0
69 103.935 62.15500000000001 2864.5903 670.8977 MY
70 67.415 62.15500000000001 2668.1818 393.1200 R180
71 147.095 294.925 381.4254 6.0290 MX
72 147.095 294.925 541.3580 6.0290 MX
73 147.095 294.925 113.4680 50.9224 R180
74 147.095 294.925 702.6936 6.0290 R180
75 133.815 294.925 1244.2200 6.0290 R180
76 133.815 294.925 922.9517 6.0290 R180
77 133.815 294.925 1565.4882 6.0290 R180
78 133.815 294.925 1082.8844 6.0290 MX
79 236.735 50.635 1834.8485 38.4784 MX
80 236.735 50.635 1941.4703 136.6826 MY
81 103.935 92.00500000000001 1740.8530 114.9535 R0
82 103.935 92.00500000000001 2115.4321 18.1521 MX
83 103.935 62.15500000000001 2115.4321 212.1435 R180
84 103.935 62.15500000000001 2008.8103 212.1435 R180
85 103.935 62.15500000000001 2008.8103 310.3478 MY
86 103.935 62.15500000000001 1900.7856 212.1435 R180
87 67.415 62.15500000000001 2186.9809 122.3568 MX
88 100.61500000000001 62.15500000000001 2491.4141 850.4713 R0
89 100.61500000000001 62.15500000000001 2384.7924 670.8977 MY
90 100.61500000000001 62.15500000000001 2598.0359 931.8405 R180
91 100.61500000000001 62.15500000000001 2384.7924 572.6935 R180
92 100.61500000000001 62.15500000000001 2598.0359 850.4713 MY
93 100.61500000000001 62.15500000000001 2384.7924 752.2670 R180
94 100.61500000000001 62.15500000000001 2491.4141 752.2670 MX
95 100.61500000000001 62.15500000000001 2598.0359 752.2670 MX
96 100.61500000000001 62.15500000000001 2384.7924 931.8405 MX
97 100.61500000000001 62.15500000000001 2491.4141 670.8977 MY
98 100.61500000000001 62.15500000000001 2491.4141 931.8405 R180
99 100.61500000000001 62.15500000000001 2491.4141 572.6935 R180
100 100.61500000000001 62.15500000000001 2384.7924 850.4713 R0
101 100.61500000000001 62.15500000000001 2598.0359 1030.0448 R0
102 100.61500000000001 62.15500000000001 2491.4141 1030.0448 R0
103 100.61500000000001 62.15500000000001 2384.7924 1030.0448 R0