0 452.535 159.645 1.2346 630.9274 R0
1 452.535 159.645 151.3468 1638.2226 MY
2 452.535 159.645 301.4590 947.9869 R180
3 452.535 159.645 301.4590 1297.3135 MY
4 452.535 159.645 412.2896 318.0767 R180
5 452.535 159.645 301.4590 1460.0520 R180
6 452.535 159.645 301.4590 1119.1429 R180
7 452.535 159.645 607.2952 1638.2226 R0
8 133.815 159.645 757.4074 1364.6535 R0
9 133.815 159.645 893.4905 1186.4829 R180
10 133.815 159.645 757.4074 1186.4829 MX
11 133.815 159.645 893.4905 1364.6535 R0
12 103.935 92.00500000000001 1030.9764 1501.0365 R0
13 103.935 92.00500000000001 1169.8653 1595.0320 MX
14 103.935 92.00500000000001 1276.4871 1705.8626 MY
15 103.935 92.00500000000001 1063.2435 1595.0320 R180
16 103.935 92.00500000000001 1030.9764 1388.8031 MX
17 103.935 92.00500000000001 1383.1089 1705.8626 R0
18 103.935 92.00500000000001 1063.2435 1705.8626 MY
19 103.935 92.00500000000001 1169.8653 1705.8626 MY
20 147.095 294.925 2901.0662 1190.0918 R180
21 147.095 294.925 2901.0662 1502.9426 R0
22 147.095 294.925 2600.8418 1502.9426 MY
23 147.095 294.925 2750.9540 1502.9426 MY
24 133.815 294.925 2915.0954 884.2557 MX
25 133.815 294.925 2764.9832 1197.1064 MY
26 133.815 294.925 2464.7587 1502.9426 R0
27 133.815 294.925 2777.6094 884.2557 MX
28 236.735 50.635 2346.9136 1368.4447 MY
29 236.735 50.635 2525.0842 1287.0754 MX
30 103.935 92.00500000000001 2358.1369 1705.8626 MY
31 103.935 92.00500000000001 2358.1369 1595.0320 R180
32 103.935 62.15500000000001 2656.9585 1429.8764 R0
33 103.935 62.15500000000001 2656.9585 1349.9101 MX
34 103.935 62.15500000000001 2550.3367 1429.8764 MY
35 103.935 62.15500000000001 2443.7149 1429.8764 MY
36 67.415 62.15500000000001 2586.8126 1356.9247 R0
37 147.095 294.925 1.2346 1502.9426 R0
38 147.095 294.925 151.3468 1018.9358 R180
39 147.095 294.925 1.2346 1190.0918 R180
40 147.095 294.925 151.3468 1333.1895 MY
41 133.815 294.925 1.2346 891.2703 R0
42 133.815 294.925 138.7205 317.4768 R180
43 133.815 294.925 1.2346 317.4768 R180
44 133.815 294.925 274.8036 317.4768 R180
45 236.735 50.635 412.2896 570.1843 MY
46 236.735 50.635 412.2896 500.0384 R180
47 103.935 92.00500000000001 757.4074 1536.1095 MY
48 103.935 92.00500000000001 864.0292 1536.1095 MY
49 103.935 62.15500000000001 1.2346 811.1896 R180
50 103.935 62.15500000000001 107.8563 811.1896 MX
51 103.935 62.15500000000001 138.7205 954.2872 MY
52 103.935 62.15500000000001 245.3423 882.7384 MY
53 67.415 62.15500000000001 457.1829 882.7384 MY
54 147.095 294.925 1440.6285 1.8202 R180
55 147.095 294.925 2764.9832 316.0739 R0
56 147.095 294.925 2477.3850 1.8202 MX
57 147.095 294.925 2627.4972 1.8202 R180
58 133.815 294.925 2915.0954 1.8202 R180
59 133.815 294.925 2915.0954 316.0739 MY
60 133.815 294.925 2777.6094 1.8202 R180
61 133.815 294.925 2341.3019 1.8202 R180
62 236.735 50.635 2285.1852 307.8386 MX
63 236.735 50.635 2525.0842 307.8386 R180
64 103.935 92.00500000000001 2126.6554 1.3171 R180
65 103.935 92.00500000000001 2233.2772 1.3171 MX
66 103.935 62.15500000000001 2656.9585 369.2704 MX
67 103.935 62.15500000000001 2731.3131 621.7956 R0
68 103.935 62.15500000000001 2837.9349 621.7956 MY
69 103.935 62.15500000000001 2944.5567 621.7956 MY
70 67.415 62.15500000000001 2269.7531 104.1188 R180
71 147.095 294.925 151.3468 1.8202 R180
72 147.095 294.925 301.4590 1.8202 R180
73 147.095 294.925 1.2346 1.8202 MX
74 147.095 294.925 451.5713 1.8202 MX
75 133.815 294.925 875.2525 1.8202 MX
76 133.815 294.925 601.6835 1.8202 R180
77 133.815 294.925 1590.7407 1.8202 MX
78 133.815 294.925 739.1695 1.8202 MX
79 236.735 50.635 1726.8238 2.0025 R180
80 236.735 50.635 1726.8238 70.7455 R0
81 103.935 92.00500000000001 1966.7228 105.1330 R180
82 103.935 92.00500000000001 2073.3446 178.0848 R180
83 103.935 62.15500000000001 1726.8238 207.9348 MX
84 103.935 62.15500000000001 1834.8485 125.1626 R180
85 103.935 62.15500000000001 1726.8238 125.1626 R180
86 103.935 62.15500000000001 1726.8238 289.3040 R0
87 67.415 62.15500000000001 1012.7385 1.7058 R180
88 100.61500000000001 62.15500000000001 2673.7935 962.7047 R0
89 100.61500000000001 62.15500000000001 2557.3513 442.2221 R180
90 100.61500000000001 62.15500000000001 2947.3625 759.2816 R180
91 100.61500000000001 62.15500000000001 2844.9495 694.7474 R0
92 100.61500000000001 62.15500000000001 2627.4972 588.1256 R180
93 100.61500000000001 62.15500000000001 2627.4972 669.4948 R0
94 100.61500000000001 62.15500000000001 2554.5455 369.2704 MX
95 100.61500000000001 62.15500000000001 2557.3513 523.5914 R0
96 100.61500000000001 62.15500000000001 2673.7935 742.4466 R0
97 100.61500000000001 62.15500000000001 2661.1672 442.2221 R180
98 100.61500000000001 62.15500000000001 2661.1672 1035.6564 MY
99 100.61500000000001 62.15500000000001 2947.3625 694.7474 R0
100 100.61500000000001 62.15500000000001 2661.1672 515.1738 R180
101 100.61500000000001 62.15500000000001 2844.9495 759.2816 MX
102 100.61500000000001 62.15500000000001 2673.7935 808.3837 MX
103 100.61500000000001 62.15500000000001 2673.7935 889.7530 MY