0 452.535 159.645 2296.4085 1638.2226 MY
1 452.535 159.645 2356.7340 947.9869 R180
2 452.535 159.645 2296.4085 1460.0520 MX
3 452.535 159.645 2446.5208 1119.1429 MX
4 452.535 159.645 2446.5208 621.1070 R0
5 452.535 159.645 2596.6330 368.5817 MX
6 452.535 159.645 2446.5208 1297.3135 R0
7 452.535 159.645 274.8036 945.1810 MX
8 133.815 159.645 1641.2458 1635.4167 R0
9 133.815 159.645 2022.8395 1638.2226 MY
10 133.815 159.645 2158.9226 1638.2226 MY
11 133.815 159.645 1778.7318 1636.8196 MY
12 103.935 92.00500000000001 986.0831 1589.4204 R180
13 103.935 92.00500000000001 1119.3603 1697.4451 MY
14 103.935 92.00500000000001 1914.8148 1700.2509 MY
15 103.935 92.00500000000001 1092.7048 1586.6145 MX
16 103.935 92.00500000000001 1012.7385 1700.2509 R0
17 103.935 92.00500000000001 904.7138 1704.4596 R0
18 103.935 92.00500000000001 558.1930 1575.3912 MX
19 103.935 92.00500000000001 879.4613 1593.6291 MX
20 147.095 294.925 2901.0662 1502.9426 MY
21 147.095 294.925 2901.0662 1190.0918 R180
22 147.095 294.925 2901.0662 539.1379 R180
23 147.095 294.925 2750.9540 1502.9426 MY
24 133.815 294.925 2777.6094 1.8202 MX
25 133.815 294.925 2641.5264 1.8202 MX
26 133.815 294.925 2435.2974 316.0739 MY
27 133.815 294.925 2915.0954 1.8202 MX
28 236.73500000000004 50.635 2661.1672 539.3201 R180
29 236.73500000000004 50.635 2811.2795 1033.1473 R0
30 103.935 92.00500000000001 2944.5567 1087.1757 MX
31 103.935 92.00500000000001 2338.4961 1364.9535 R0
32 103.935 62.15500000000001 2338.4961 621.7956 R0
33 103.935 62.15500000000001 2328.6756 409.9550 R180
34 103.935 62.15500000000001 2220.6510 409.9550 MX
35 103.935 62.15500000000001 2338.4961 694.7474 R0
36 67.415 62.15500000000001 2591.0213 539.0235 MX
37 147.095 294.925 2491.4141 1.8202 MX
38 147.095 294.925 2191.1897 1.8202 R180
39 147.095 294.925 2041.0774 1.8202 R180
40 147.095 294.925 2341.3019 1.8202 R180
41 133.815 294.925 882.2671 3.2231 R180
42 133.815 294.925 1733.8384 3.2231 MX
43 133.815 294.925 746.1841 1.8202 R180
44 133.815 294.925 1871.3244 3.2231 MX
45 236.73500000000004 50.635 2811.2795 307.8386 R180
46 236.73500000000004 50.635 2571.3805 307.8386 MX
47 103.935 92.00500000000001 2220.6510 307.1532 MX
48 103.935 92.00500000000001 2328.6756 307.1532 MX
49 103.935 62.15500000000001 2114.0292 307.5420 R180
50 103.935 62.15500000000001 2007.4074 307.5420 R180
51 103.935 62.15500000000001 1900.7856 308.9449 MX
52 103.935 62.15500000000001 1794.1639 308.9449 R180
53 67.415 62.15500000000001 1663.6925 112.5364 R180
54 147.095 294.925 575.0281 1.8202 R180
55 147.095 294.925 424.9158 1.8202 MX
56 147.095 294.925 489.4501 316.0739 R0
57 147.095 294.925 274.8036 1.8202 MX
58 133.815 294.925 1.2346 316.0739 MY
59 133.815 294.925 245.3423 316.0739 R0
60 133.815 294.925 1.2346 1.8202 R180
61 133.815 294.925 138.7205 1.8202 MX
62 236.73500000000004 50.635 1.2346 682.4177 MY
63 236.73500000000004 50.635 1.2346 613.6748 R180
64 103.935 92.00500000000001 639.5623 307.1532 R180
65 103.935 92.00500000000001 746.1841 307.1532 MX
66 103.935 62.15500000000001 381.4254 380.4937 MX
67 103.935 62.15500000000001 241.1336 613.3781 MX
68 103.935 62.15500000000001 241.1336 694.7474 MY
69 103.935 62.15500000000001 138.7205 315.9595 MY
70 67.415 62.15500000000001 381.4254 453.4454 MX
71 147.095 294.925 301.4590 1502.9426 R0
72 147.095 294.925 1.2346 1502.9426 R0
73 147.095 294.925 151.3468 1502.9426 MY
74 147.095 294.925 274.8036 1190.0918 R180
75 133.815 294.925 138.7205 1197.1064 R0
76 133.815 294.925 1.2346 1197.1064 MY
77 133.815 294.925 1.2346 884.2557 R180
78 133.815 294.925 138.7205 809.9010 MX
79 236.73500000000004 50.635 451.5713 1747.2326 R0
80 236.73500000000004 50.635 558.1930 1678.4896 R180
81 103.935 92.00500000000001 798.0920 1705.8626 MY
82 103.935 92.00500000000001 666.2177 1575.3912 MX
83 103.935 62.15500000000001 772.8395 1613.6587 R0
84 103.935 62.15500000000001 451.5713 1594.0178 R180
85 103.935 62.15500000000001 451.5713 1675.3871 R0
86 103.935 62.15500000000001 555.3872 1501.4252 MX
87 67.415 62.15500000000001 1225.9820 1720.2805 R0
88 100.61500000000001 62.15500000000001 242.5365 1117.0257 R180
89 100.61500000000001 62.15500000000001 424.9158 1349.9101 R180
90 100.61500000000001 62.15500000000001 424.9158 1283.9729 MY
91 100.61500000000001 62.15500000000001 424.9158 1429.8764 MY
92 100.61500000000001 62.15500000000001 451.5713 1528.0807 R0
93 100.61500000000001 62.15500000000001 528.7318 1363.9393 MY
94 100.61500000000001 62.15500000000001 344.9495 1117.0257 R180
95 100.61500000000001 62.15500000000001 138.7205 1117.0257 MX
96 100.61500000000001 62.15500000000001 632.5477 1355.5218 R180
97 100.61500000000001 62.15500000000001 347.7553 621.7956 MY
98 100.61500000000001 62.15500000000001 528.7318 1290.9875 MY
99 100.61500000000001 62.15500000000001 528.7318 1428.4735 MX
100 100.61500000000001 62.15500000000001 639.5623 409.9550 MX
101 100.61500000000001 62.15500000000001 528.7318 1209.6183 R180
102 100.61500000000001 62.15500000000001 632.5477 1436.8910 MY
103 100.61500000000001 62.15500000000001 381.4254 307.5420 R180