0 452.535 159.645 549.7755 1628.4021 R0
1 452.535 159.645 496.4646 1426.3819 R180
2 452.535 159.645 68.5746 1628.4021 MY
3 452.535 159.645 443.1538 1105.1137 MX
4 452.535 159.645 496.4646 919.9285 MY
5 452.535 159.645 13.8608 1426.3819 R180
6 452.535 159.645 13.8608 919.9285 R0
7 452.535 159.645 496.4646 654.7770 R180
8 133.815 159.645 1190.9091 1628.4021 MY
9 133.815 159.645 1029.5735 1628.4021 MY
10 133.815 159.645 1350.8418 1628.4021 R0
11 133.815 159.645 976.2626 1426.3819 R180
12 103.935 92.00500000000001 1900.7856 1660.9692 MY
13 103.935 92.00500000000001 2008.8103 1660.9692 R0
14 103.935 92.00500000000001 1687.5421 1660.9692 R0
15 103.935 92.00500000000001 2115.4321 1660.9692 MY
16 103.935 92.00500000000001 1794.1639 1660.9692 MY
17 103.935 92.00500000000001 1579.5174 1660.9692 MY
18 103.935 92.00500000000001 2328.6756 1660.9692 R0
19 103.935 92.00500000000001 2168.7430 1524.8861 MX
20 147.095 294.925 60.1571 1110.1255 MY
21 147.095 294.925 274.8036 1110.1255 MY
22 147.095 294.925 60.1571 588.2400 MX
23 147.095 294.925 220.0898 588.2400 R180
24 133.815 294.925 441.7508 330.1031 R180
25 133.815 294.925 601.6835 330.1031 MX
26 133.815 294.925 13.8608 266.9717 R180
27 133.815 294.925 763.0191 330.1031 R180
28 236.735 50.635 657.8002 1361.4301 MY
29 236.735 50.635 657.8002 1288.4784 R180
30 103.935 92.00500000000001 938.3838 1268.1521 R180
31 103.935 92.00500000000001 1204.9383 1468.7694 MY
32 103.935 62.15500000000001 402.4691 832.2333 MX
33 103.935 62.15500000000001 777.0483 832.2333 R180
34 103.935 62.15500000000001 670.4265 832.2333 MX
35 103.935 62.15500000000001 563.8047 832.2333 MX
36 67.415 62.15500000000001 582.0426 1290.9875 MY
37 147.095 294.925 2896.8575 1495.9280 MY
38 147.095 294.925 2896.8575 1166.2422 R180
39 147.095 294.925 2735.5219 1495.9280 R0
40 147.095 294.925 2575.5892 1495.9280 MY
41 133.815 294.925 2581.2009 1045.5913 R0
42 133.815 294.925 2742.5365 1110.1255 R0
43 133.815 294.925 2902.4691 844.9740 MX
44 133.815 294.925 2421.2682 1174.6597 R0
45 236.735 50.635 2316.0494 1482.0810 R180
46 236.735 50.635 2316.0494 1553.6299 R0
47 103.935 92.00500000000001 2436.7003 1660.9692 MY
48 103.935 92.00500000000001 2222.0539 1660.9692 MY
49 103.935 62.15500000000001 2436.7003 1097.3848 MY
50 103.935 62.15500000000001 2490.0112 961.3018 R180
51 103.935 62.15500000000001 2381.9865 961.3018 R180
52 103.935 62.15500000000001 2596.6330 1355.5218 MY
53 67.415 62.15500000000001 2346.9136 1226.4533 MY
54 147.095 294.925 2896.8575 467.5890 MY
55 147.095 294.925 2735.5219 467.5890 R0
56 147.095 294.925 2575.5892 467.5890 MY
57 147.095 294.925 2575.5892 73.3691 R180
58 133.815 294.925 2742.5365 73.3691 R180
59 133.815 294.925 2421.2682 73.3691 R180
60 133.815 294.925 2902.4691 73.3691 MX
61 133.815 294.925 2206.6218 8.8348 R180
62 236.735 50.635 2637.3176 975.6276 R0
63 236.735 50.635 2637.3176 902.6759 R180
64 103.935 92.00500000000001 2436.7003 761.6987 R0
65 103.935 92.00500000000001 2436.7003 625.6157 MX
66 103.935 62.15500000000001 2756.5657 776.1166 MY
67 103.935 62.15500000000001 2649.9439 776.1166 MY
68 103.935 62.15500000000001 2864.5903 776.1166 MY
69 103.935 62.15500000000001 2328.6756 640.0336 MX
70 67.415 62.15500000000001 2561.5600 832.2333 MX
71 147.095 294.925 862.6263 8.8348 R180
72 147.095 294.925 166.7789 8.8348 MX
73 147.095 294.925 381.4254 8.8348 R180
74 147.095 294.925 541.3580 8.8348 MX
75 133.815 294.925 1029.5735 8.8348 R180
76 133.815 294.925 1190.9091 8.8348 R180
77 133.815 294.925 708.3053 8.8348 R180
78 133.815 294.925 1350.8418 8.8348 R180
79 236.735 50.635 2369.3603 3.4054 MX
80 236.735 50.635 1941.4703 3.4054 R180
81 103.935 92.00500000000001 991.6947 375.8962 R0
82 103.935 92.00500000000001 1526.2065 46.2105 R180
83 103.935 62.15500000000001 1634.2312 198.1144 R0
84 103.935 62.15500000000001 1634.2312 62.0313 R180
85 103.935 62.15500000000001 1740.8530 198.1144 R0
86 103.935 62.15500000000001 1526.2065 198.1144 R0
87 67.415 62.15500000000001 1759.0909 62.0313 MX
88 100.61500000000001 62.15500000000001 1956.9024 262.6486 R0
89 100.61500000000001 62.15500000000001 2063.5241 189.6969 MX
90 100.61500000000001 62.15500000000001 1956.9024 125.1626 MX
91 100.61500000000001 62.15500000000001 2170.1459 327.1828 R0
92 100.61500000000001 62.15500000000001 2063.5241 327.1828 MY
93 100.61500000000001 62.15500000000001 2223.4568 454.8484 R0
94 100.61500000000001 62.15500000000001 2276.7677 327.1828 R0
95 100.61500000000001 62.15500000000001 1956.9024 383.2995 MX
96 100.61500000000001 62.15500000000001 2491.4141 383.2995 R180
97 100.61500000000001 62.15500000000001 2598.0359 383.2995 R180
98 100.61500000000001 62.15500000000001 2438.1033 519.3826 R0
99 100.61500000000001 62.15500000000001 2384.7924 383.2995 R180
100 100.61500000000001 62.15500000000001 1848.8777 189.6969 MX
101 100.61500000000001 62.15500000000001 2706.0606 383.2995 MX
102 100.61500000000001 62.15500000000001 2116.8350 454.8484 MY
103 100.61500000000001 62.15500000000001 2331.4815 519.3826 R0