0 452.535 159.645 589.0572 1439.0082 R180
1 452.535 159.645 589.0572 1629.8051 R0
2 452.535 159.645 114.8709 1439.0082 MX
3 452.535 159.645 114.8709 1629.8051 R0
4 452.535 159.645 1061.8406 1439.0082 MX
5 452.535 159.645 1061.8406 1629.8051 MY
6 452.535 159.645 2008.8103 1439.0082 R180
7 452.535 159.645 2008.8103 1629.8051 R0
8 133.815 159.645 1694.5567 1439.0082 MX
9 133.815 159.645 1694.5567 1629.8051 R0
10 133.815 159.645 1537.4299 1439.0082 MX
11 133.815 159.645 1537.4299 1629.8051 R0
12 103.935 92.00500000000001 1656.6779 1084.3699 R180
13 103.935 92.00500000000001 1656.6779 1206.4237 MY
14 103.935 92.00500000000001 1341.0213 1189.5887 MX
15 103.935 92.00500000000001 1341.0213 1313.0455 R0
16 103.935 92.00500000000001 1499.5511 1189.5887 MX
17 103.935 92.00500000000001 1499.5511 1313.0455 MY
18 103.935 92.00500000000001 1867.1156 1454.7402 R180
19 103.935 92.00500000000001 1867.1156 1576.7941 R0
20 147.095 294.925 2739.7306 986.6687 MX
21 147.095 294.925 2739.7306 1312.1457 R0
22 147.095 294.925 2898.2604 986.6687 R180
23 147.095 294.925 2898.2604 1312.1457 MY
24 133.815 294.925 2536.3075 669.6092 MX
25 133.815 294.925 2536.3075 995.0862 MY
26 133.815 294.925 2377.7778 774.8281 MX
27 133.815 294.925 2377.7778 1100.3051 MY
28 236.735 50.63499999999999 2168.7430 225.0665 MX
29 236.735 50.63499999999999 2168.7430 306.4357 MY
30 103.935 92.00500000000001 2182.7722 1084.3699 R180
31 103.935 92.00500000000001 2182.7722 1206.4237 MY
32 103.935 62.15500000000001 2236.0831 795.7575 R180
33 103.935 62.15500000000001 2236.0831 888.3501 MY
34 103.935 62.15500000000001 2236.0831 637.2277 R180
35 103.935 62.15500000000001 2236.0831 729.8203 MY
36 67.415 62.15500000000001 2254.3210 1007.5981 MY
37 147.095 294.925 2898.2604 34.0873 MX
38 147.095 294.925 2898.2604 359.5643 R0
39 147.095 294.925 2739.7306 34.0873 MX
40 147.095 294.925 2739.7306 359.5643 R0
41 133.815 294.925 2588.2155 34.0873 MX
42 133.815 294.925 2588.2155 359.5643 MY
43 133.815 294.925 2431.0887 34.0873 MX
44 133.815 294.925 2431.0887 359.5643 R0
45 236.735 50.63499999999999 2168.7430 13.2258 MX
46 236.735 50.63499999999999 2168.7430 94.5951 R0
47 103.935 92.00500000000001 2287.9910 395.5371 R180
48 103.935 92.00500000000001 2287.9910 518.9939 MY
49 103.935 62.15500000000001 1867.1156 160.2356 R180
50 103.935 62.15500000000001 1867.1156 254.2311 R0
51 103.935 62.15500000000001 2025.6453 55.0167 R180
52 103.935 62.15500000000001 2025.6453 147.6093 MY
53 67.415 62.15500000000001 1780.1347 252.8282 MX
54 147.095 294.925 162.5701 34.0873 MX
55 147.095 294.925 162.5701 359.5643 R0
56 147.095 294.925 373.0079 34.0873 MX
57 147.095 294.925 373.0079 359.5643 R0
58 133.815 294.925 590.4602 85.9953 MX
59 133.815 294.925 590.4602 412.8752 R0
60 133.815 294.925 747.5870 85.9953 R180
61 133.815 294.925 747.5870 412.8752 MY
62 236.735 50.63499999999999 1747.8676 13.2258 R180
63 236.735 50.63499999999999 1747.8676 94.5951 MY
64 103.935 92.00500000000001 1656.6779 183.6965 R180
65 103.935 92.00500000000001 1656.6779 307.1532 MY
66 103.935 62.15500000000001 1025.3648 160.2356 R180
67 103.935 62.15500000000001 1025.3648 254.2311 R0
68 103.935 62.15500000000001 1446.2402 213.5465 R180
69 103.935 62.15500000000001 1446.2402 306.1391 MY
70 67.415 62.15500000000001 1569.6970 252.8282 R180
71 147.095 294.925 215.8810 721.5172 R180
72 147.095 294.925 215.8810 1048.3971 MY
73 147.095 294.925 373.0079 721.5172 MX
74 147.095 294.925 373.0079 1048.3971 MY
75 133.815 294.925 537.1493 721.5172 R180
76 133.815 294.925 537.1493 1048.3971 MY
77 133.815 294.925 695.6790 721.5172 MX
78 133.815 294.925 695.6790 1048.3971 R0
79 236.735 50.63499999999999 854.2088 1284.2696 R180
80 236.735 50.63499999999999 854.2088 1365.6388 MY
81 103.935 92.00500000000001 868.2379 977.7481 R180
82 103.935 92.00500000000001 868.2379 1101.2049 R0
83 103.935 62.15500000000001 921.5488 583.9168 MX
84 103.935 62.15500000000001 921.5488 677.9123 MY
85 103.935 62.15500000000001 921.5488 425.3871 R180
86 103.935 62.15500000000001 921.5488 517.9797 R0
87 67.415 62.15500000000001 1569.6970 359.4499 R180
88 100.61500000000001 62.15500000000001 1185.2974 160.2356 MX
89 100.61500000000001 62.15500000000001 1185.2974 254.2311 R0
90 100.61500000000001 62.15500000000001 1290.5163 160.2356 MX
91 100.61500000000001 62.15500000000001 1290.5163 254.2311 MY
92 100.61500000000001 62.15500000000001 1185.2974 1.7058 MX
93 100.61500000000001 62.15500000000001 1185.2974 94.2984 R0
94 100.61500000000001 62.15500000000001 1290.5163 1.7058 R180
95 100.61500000000001 62.15500000000001 1290.5163 94.2984 R0
96 100.61500000000001 62.15500000000001 1395.7351 1.7058 R180
97 100.61500000000001 62.15500000000001 1395.7351 94.2984 R0
98 100.61500000000001 62.15500000000001 1080.0786 1.7058 R180
99 100.61500000000001 62.15500000000001 1080.0786 94.2984 R0
100 100.61500000000001 62.15500000000001 1500.9540 1.7058 MX
101 100.61500000000001 62.15500000000001 1500.9540 94.2984 MY
102 100.61500000000001 62.15500000000001 1606.1728 1.7058 MX
103 100.61500000000001 62.15500000000001 1606.1728 94.2984 R0